55,74349966|37,53291554|56,411999|2017-11-05 20:31:54|1509903114400|8|0|15,000
55,74364180|37,53288542|50,832001|2017-11-05 20:31:55|1509903115392|8|0|11,000
55,74373577|37,53286011|59,796001|2017-11-05 20:31:56|1509903116396|9|0|14,000
55,74397021|37,53279968|58,427998|2017-11-05 20:31:57|1509903117396|9|0|12,000
55,74408939|37,53279105|58,967999|2017-11-05 20:31:58|1509903118386|9|0|16,000
55,74431541|37,53294765|57,132000|2017-11-05 20:31:59|1509903119386|9|0|17,000
55,74440861|37,53280970|59,184002|2017-11-05 20:32:00|1509903120386|9|0|13,000
55,74453254|37,53289543|58,103996|2017-11-05 20:32:01|1509903121393|9|0|14,000
55,74478429|37,53299263|55,439999|2017-11-05 20:32:02|1509903122393|9|0|14,000
55,74485859|37,53298304|57,599998|2017-11-05 20:32:03|1509903123393|9|0|14,000
55,74484657|37,53288822|53,172001|2017-11-05 20:32:04|1509903124413|9|0|12,000
55,74494391|37,53279206|52,919998|2017-11-05 20:32:05|1509903125414|9|0|12,000
55,74510962|37,53285183|52,416000|2017-11-05 20:32:06|1509903126410|9|0|10,000
55,74527958|37,53287210|53,460003|2017-11-05 20:32:07|1509903127407|9|0|9,000
55,74545051|37,53278184|52,704002|2017-11-05 20:32:08|1509903128406|11|0|11,000
55,74569643|37,53270695|54,396000|2017-11-05 20:32:09|1509903129000|11|0|14,000
55,74580562|37,53260928|50,652000|2017-11-05 20:32:10|1509903130000|11|0|11,000
55,74580885|37,53258993|45,504002|2017-11-05 20:32:11|1509903131000|11|0|11,000
55,74588655|37,53253636|44,568001|2017-11-05 20:32:12|1509903132000|11|0|12,000
55,74602542|37,53251924|44,460003|2017-11-05 20:32:13|1509903133000|11|0|11,000
55,74614764|37,53251452|41,507999|2017-11-05 20:32:14|1509903134000|11|0|11,000
55,74623816|37,53250003|39,024002|2017-11-05 20:32:15|1509903135000|11|0|11,000
55,74634304|37,53247645|39,096001|2017-11-05 20:32:16|1509903136000|11|0|11,000
55,74643964|37,53244367|38,160000|2017-11-05 20:32:17|1509903137000|11|0|10,000
55,74653273|37,53241263|37,872002|2017-11-05 20:32:18|1509903138000|11|0|11,000
55,74662487|37,53239945|35,460003|2017-11-05 20:32:19|1509903139000|11|0|11,000
55,74668036|37,53236843|31,463999|2017-11-05 20:32:20|1509903140000|11|0|12,000
55,74676972|37,53238451|28,368000|2017-11-05 20:32:21|1509903141000|11|0|13,000
55,74684985|37,53237057|30,132000|2017-11-05 20:32:22|1509903142000|11|0|15,000
55,74691643|37,53237719|29,232000|2017-11-05 20:32:23|1509903143000|11|0|16,000
55,74696886|37,53233221|25,164000|2017-11-05 20:32:24|1509903144000|11|0|18,000
55,74701889|37,53232511|24,984001|2017-11-05 20:32:25|1509903145000|11|0|19,000
55,74703712|37,53226519|18,792000|2017-11-05 20:32:26|1509903146000|11|0|19,000
55,74710327|37,53228481|17,712000|2017-11-05 20:32:27|1509903147000|11|0|19,000
55,74715443|37,53229009|17,856001|2017-11-05 20:32:28|1509903148000|11|0|19,000
55,74720973|37,53229181|17,784000|2017-11-05 20:32:29|1509903149000|11|0|18,000
55,74723269|37,53223612|19,403999|2017-11-05 20:32:30|1509903150000|11|0|17,000
55,74724556|37,53222031|11,808000|2017-11-05 20:32:31|1509903151000|11|0|17,000
55,74728291|37,53219249|14,148001|2017-11-05 20:32:32|1509903152000|11|0|16,000
55,74731645|37,53220134|11,592000|2017-11-05 20:32:33|1509903153000|11|0|15,000
55,74734614|37,53220008|11,628000|2017-11-05 20:32:34|1509903154000|10|0|15,000
55,74738460|37,53220607|12,024000|2017-11-05 20:32:35|1509903155000|10|0|14,000
55,74740081|37,53218014|10,404000|2017-11-05 20:32:36|1509903156000|10|0|14,000
55,74742180|37,53217639|7,848000|2017-11-05 20:32:37|1509903157000|10|0|14,000
55,74746507|37,53220960|9,936000|2017-11-05 20:32:38|1509903158000|10|0|14,000
55,74748684|37,53219518|8,676001|2017-11-05 20:32:39|1509903159000|9|0|14,000
55,74752736|37,53221005|6,300000|2017-11-05 20:32:40|1509903160000|9|0|12,000
55,74753416|37,53216393|6,624000|2017-11-05 20:32:41|1509903161000|9|0|12,000
55,74752678|37,53216623|1,044000|2017-11-05 20:32:42|1509903162000|9|0|11,000
55,74755978|37,53215688|2,556000|2017-11-05 20:32:43|1509903163000|9|0|11,000
55,74758256|37,53213438|2,340000|2017-11-05 20:32:44|1509903164000|9|0|12,000
55,74760689|37,53215866|0,756000|2017-11-05 20:32:45|1509903165000|9|0|11,000
55,74759150|37,53212763|0,000000|2017-11-05 20:32:46|1509903166000|9|0|11,000
55,74758332|37,53211871|0,000000|2017-11-05 20:32:47|1509903167000|9|0|11,000
55,74759619|37,53212230|0,000000|2017-11-05 20:32:48|1509903168000|9|0|11,000
55,74759206|37,53210179|0,000000|2017-11-05 20:32:49|1509903169000|9|0|11,000
55,74761162|37,53210006|0,000000|2017-11-05 20:32:50|1509903170000|9|0|10,000
55,74762806|37,53209487|0,000000|2017-11-05 20:32:51|1509903171000|10|0|11,000
55,74762778|37,53209147|0,000000|2017-11-05 20:32:52|1509903172000|10|0|10,000
55,74762689|37,53206967|0,000000|2017-11-05 20:32:53|1509903173000|10|0|10,000
55,74763433|37,53207537|0,000000|2017-11-05 20:32:54|1509903174000|10|0|9,000
55,74763509|37,53207399|0,000000|2017-11-05 20:32:55|1509903175000|10|0|9,000
55,74762890|37,53207381|0,000000|2017-11-05 20:32:56|1509903176000|10|0|9,000
55,74763376|37,53207739|0,000000|2017-11-05 20:32:57|1509903177000|10|0|8,000
55,74763415|37,53207759|0,000000|2017-11-05 20:32:58|1509903178000|10|0|8,000
55,74763448|37,53207784|0,000000|2017-11-05 20:32:59|1509903179000|10|0|9,000
55,74763566|37,53207816|0,000000|2017-11-05 20:33:00|1509903180000|9|0|8,000
55,74763580|37,53207819|0,000000|2017-11-05 20:33:01|1509903181000|9|0|8,000
55,74763616|37,53207777|0,000000|2017-11-05 20:33:02|1509903182000|9|0|8,000
55,74763605|37,53207688|0,000000|2017-11-05 20:33:03|1509903183000|10|0|8,000
55,74763636|37,53207719|0,000000|2017-11-05 20:33:04|1509903184000|10|0|8,000
55,74763629|37,53207718|0,000000|2017-11-05 20:33:05|1509903185000|10|0|7,000
55,74763574|37,53207662|0,000000|2017-11-05 20:33:06|1509903186000|10|0|7,000
55,74763543|37,53207639|0,000000|2017-11-05 20:33:07|1509903187000|10|0|7,000
55,74763533|37,53207636|0,000000|2017-11-05 20:33:08|1509903188000|10|0|7,000
55,74763528|37,53207632|0,000000|2017-11-05 20:33:09|1509903189000|10|0|6,000
55,74763534|37,53207637|0,000000|2017-11-05 20:33:10|1509903190000|10|0|7,000
55,74763571|37,53207649|0,000000|2017-11-05 20:33:11|1509903191000|10|0|11,000
55,74763569|37,53207643|0,000000|2017-11-05 20:33:12|1509903192000|10|0|10,000
55,74763575|37,53207642|0,000000|2017-11-05 20:33:13|1509903193000|10|0|10,000
55,74763588|37,53207653|0,000000|2017-11-05 20:33:14|1509903194000|10|0|10,000
55,74763601|37,53207658|0,000000|2017-11-05 20:33:15|1509903195000|10|0|11,000
55,74763605|37,53207659|0,000000|2017-11-05 20:33:16|1509903196000|10|0|11,000
55,74763602|37,53207657|0,000000|2017-11-05 20:33:17|1509903197000|10|0|11,000
55,74763606|37,53207664|0,000000|2017-11-05 20:33:18|1509903198000|10|0|11,000
55,74763600|37,53207671|0,000000|2017-11-05 20:33:19|1509903199000|10|0|11,000
55,74763602|37,53207676|0,000000|2017-11-05 20:33:20|1509903200000|10|0|11,000
55,74763593|37,53207676|0,000000|2017-11-05 20:33:21|1509903201000|10|0|10,000
55,74763591|37,53207675|0,000000|2017-11-05 20:33:22|1509903202000|10|0|10,000
55,74763590|37,53207678|0,000000|2017-11-05 20:33:23|1509903203000|10|0|11,000
55,74763587|37,53207674|0,000000|2017-11-05 20:33:24|1509903204000|10|0|10,000
55,74763592|37,53207678|0,000000|2017-11-05 20:33:25|1509903205000|10|0|11,000
55,74763575|37,53207680|0,000000|2017-11-05 20:33:26|1509903206000|10|0|11,000
55,74763578|37,53207681|0,000000|2017-11-05 20:33:27|1509903207000|10|0|11,000
55,74763575|37,53207678|0,000000|2017-11-05 20:33:28|1509903208000|10|0|11,000
55,74763570|37,53207686|0,000000|2017-11-05 20:33:29|1509903209000|10|0|10,000
55,74763581|37,53207704|0,000000|2017-11-05 20:33:30|1509903210000|10|0|11,000
55,74763581|37,53207703|0,000000|2017-11-05 20:33:31|1509903211000|9|0|11,000
55,74763580|37,53207703|0,000000|2017-11-05 20:33:32|1509903212000|9|0|10,000
55,74763566|37,53207704|0,000000|2017-11-05 20:33:33|1509903213000|9|0|10,000
55,74763288|37,53207591|0,000000|2017-11-05 20:33:34|1509903214000|9|0|10,000
55,74763238|37,53207574|0,000000|2017-11-05 20:33:35|1509903215000|9|0|11,000
55,74763146|37,53207544|0,000000|2017-11-05 20:33:36|1509903216000|10|0|11,000
55,74763119|37,53207533|0,000000|2017-11-05 20:33:37|1509903217000|10|0|11,000
55,74763129|37,53207538|0,000000|2017-11-05 20:33:38|1509903218000|10|0|11,000
55,74763130|37,53207526|0,000000|2017-11-05 20:33:39|1509903219000|10|0|11,000
55,74763153|37,53207529|0,000000|2017-11-05 20:33:40|1509903220000|10|0|11,000
55,74763177|37,53207527|0,000000|2017-11-05 20:33:41|1509903221000|10|0|11,000
55,74763167|37,53207520|0,000000|2017-11-05 20:33:42|1509903222000|10|0|11,000
55,74763156|37,53207523|0,000000|2017-11-05 20:33:43|1509903223000|10|0|11,000
55,74763124|37,53207525|0,000000|2017-11-05 20:33:44|1509903224000|10|0|11,000
55,74763103|37,53207534|0,000000|2017-11-05 20:33:45|1509903225000|10|0|11,000
55,74763101|37,53207541|0,000000|2017-11-05 20:33:46|1509903226000|10|0|11,000
55,74763105|37,53207557|0,000000|2017-11-05 20:33:47|1509903227000|10|0|11,000
55,74763111|37,53207562|0,000000|2017-11-05 20:33:48|1509903228000|10|0|11,000
55,74763092|37,53207561|0,000000|2017-11-05 20:33:49|1509903229000|10|0|11,000
55,74763067|37,53207552|0,000000|2017-11-05 20:33:50|1509903230000|10|0|11,000
55,74763041|37,53207543|0,000000|2017-11-05 20:33:51|1509903231000|10|0|11,000
55,74763010|37,53207533|0,000000|2017-11-05 20:33:52|1509903232000|10|0|11,000
55,74762893|37,53207530|0,000000|2017-11-05 20:33:53|1509903233000|10|0|11,000
55,74762800|37,53207512|0,000000|2017-11-05 20:33:54|1509903234000|10|0|11,000
55,74762775|37,53207512|0,000000|2017-11-05 20:33:55|1509903235000|10|0|11,000
55,74762807|37,53207485|0,000000|2017-11-05 20:33:56|1509903236000|10|0|12,000
55,74762805|37,53207481|0,000000|2017-11-05 20:33:57|1509903237000|10|0|12,000
55,74762784|37,53207478|0,000000|2017-11-05 20:33:58|1509903238000|10|0|12,000
55,74762770|37,53207478|0,000000|2017-11-05 20:33:59|1509903239000|10|0|12,000
55,74762751|37,53207464|0,000000|2017-11-05 20:34:00|1509903240000|10|0|12,000
55,74762732|37,53207455|0,000000|2017-11-05 20:34:01|1509903241000|10|0|11,000
55,74762737|37,53207457|0,000000|2017-11-05 20:34:02|1509903242000|10|0|11,000
55,74762643|37,53207431|0,000000|2017-11-05 20:34:03|1509903243000|10|0|11,000
55,74762642|37,53207430|0,000000|2017-11-05 20:34:04|1509903244000|10|0|11,000
55,74762630|37,53207436|0,000000|2017-11-05 20:34:05|1509903245000|10|0|11,000
55,74762626|37,53207452|0,000000|2017-11-05 20:34:06|1509903246000|10|0|11,000
55,74762629|37,53207459|0,000000|2017-11-05 20:34:07|1509903247000|10|0|11,000
55,74762596|37,53207453|0,000000|2017-11-05 20:34:08|1509903248000|10|0|11,000
55,74762600|37,53207454|0,000000|2017-11-05 20:34:09|1509903249000|10|0|11,000
55,74762575|37,53207449|0,000000|2017-11-05 20:34:10|1509903250000|10|0|11,000
55,74762567|37,53207456|0,000000|2017-11-05 20:34:11|1509903251000|10|0|11,000
55,74762568|37,53207462|0,000000|2017-11-05 20:34:12|1509903252000|11|0|11,000
55,74762559|37,53207456|0,000000|2017-11-05 20:34:13|1509903253000|11|0|11,000
55,74762604|37,53207497|0,000000|2017-11-05 20:34:14|1509903254000|11|0|11,000
55,74764341|37,53207037|11,808000|2017-11-05 20:34:15|1509903255000|11|0|11,000
55,74771621|37,53205328|15,336000|2017-11-05 20:34:16|1509903256000|11|0|11,000
55,74780821|37,53210716|16,487999|2017-11-05 20:34:17|1509903257000|11|0|11,000
55,74787375|37,53208595|19,836000|2017-11-05 20:34:18|1509903258000|11|0|11,000
55,74795349|37,53207737|23,363998|2017-11-05 20:34:19|1509903259000|11|0|11,000
55,74800640|37,53206074|19,872000|2017-11-05 20:34:20|1509903260000|11|0|12,000
55,74805487|37,53204752|19,908001|2017-11-05 20:34:21|1509903261000|11|0|12,000
55,74812189|37,53202945|22,104000|2017-11-05 20:34:22|1509903262000|11|0|12,000
55,74820336|37,53202430|26,280001|2017-11-05 20:34:23|1509903263000|11|0|13,000
55,74829951|37,53200624|30,275999|2017-11-05 20:34:24|1509903264000|11|0|13,000
55,74843053|37,53201326|35,568001|2017-11-05 20:34:25|1509903265000|11|0|13,000
55,74851014|37,53196940|34,380001|2017-11-05 20:34:26|1509903266000|11|0|13,000
55,74860594|37,53192500|33,407997|2017-11-05 20:34:27|1509903267000|11|0|13,000
55,74870014|37,53188528|36,539997|2017-11-05 20:34:28|1509903268000|11|0|14,000
55,74879450|37,53186568|39,636002|2017-11-05 20:34:29|1509903269000|10|0|14,000
55,74890355|37,53181569|41,580002|2017-11-05 20:34:30|1509903270000|10|0|15,000
55,74903955|37,53178045|43,992001|2017-11-05 20:34:31|1509903271000|9|0|16,000
55,74914423|37,53173545|44,495998|2017-11-05 20:34:32|1509903272000|9|0|15,000
55,74922484|37,53165445|45,216003|2017-11-05 20:34:33|1509903273000|10|0|13,000
55,74934047|37,53159120|46,188000|2017-11-05 20:34:34|1509903274000|10|0|13,000
55,74953081|37,53157796|47,663998|2017-11-05 20:34:35|1509903275000|10|0|13,000
55,74963767|37,53150569|48,743999|2017-11-05 20:34:36|1509903276000|10|0|13,000
55,74977574|37,53142630|50,723999|2017-11-05 20:34:37|1509903277000|10|0|14,000
55,74986207|37,53133141|49,248001|2017-11-05 20:34:38|1509903278000|10|0|14,000
55,75002253|37,53125564|53,316002|2017-11-05 20:34:39|1509903279000|10|0|13,000
55,75016627|37,53117662|55,080002|2017-11-05 20:34:40|1509903280000|10|0|12,000
55,75030974|37,53106730|57,528000|2017-11-05 20:34:41|1509903281000|10|0|12,000
55,75046701|37,53095010|58,284000|2017-11-05 20:34:42|1509903282000|10|0|11,000
55,75060544|37,53084314|59,544003|2017-11-05 20:34:43|1509903283000|10|0|11,000
55,75074941|37,53073030|60,444004|2017-11-05 20:34:44|1509903284000|10|0|11,000
55,75090790|37,53061415|62,315998|2017-11-05 20:34:45|1509903285000|10|0|12,000
55,75103117|37,53048649|61,848000|2017-11-05 20:34:46|1509903286000|10|0|12,000
55,75118205|37,53037783|64,223999|2017-11-05 20:34:47|1509903287000|11|0|12,000
55,75131506|37,53024932|63,936001|2017-11-05 20:34:48|1509903288000|11|0|13,000
55,75147192|37,53014007|65,520004|2017-11-05 20:34:49|1509903289000|11|0|13,000
55,75163390|37,53002370|68,940002|2017-11-05 20:34:50|1509903290000|11|0|14,000
55,75180089|37,52986987|68,363998|2017-11-05 20:34:51|1509903291000|11|0|14,000
55,75196210|37,52974173|68,544006|2017-11-05 20:34:52|1509903292000|11|0|14,000
55,75216184|37,52960652|71,315994|2017-11-05 20:34:53|1509903293000|11|0|14,000
55,75234157|37,52945565|71,784004|2017-11-05 20:34:54|1509903294000|11|0|13,000
55,75249716|37,52933170|71,748001|2017-11-05 20:34:55|1509903295000|11|0|13,000
55,75266884|37,52924739|71,784004|2017-11-05 20:34:56|1509903296000|11|0|13,000
55,75281727|37,52913386|70,020004|2017-11-05 20:34:57|1509903297000|11|0|12,000
55,75298951|37,52899634|71,711998|2017-11-05 20:34:58|1509903298000|11|0|12,000
55,75316937|37,52888718|72,144005|2017-11-05 20:34:59|1509903299000|11|0|12,000
55,75334719|37,52873678|70,236000|2017-11-05 20:35:00|1509903300000|11|0|12,000
55,75354554|37,52863955|70,703995|2017-11-05 20:35:01|1509903301000|11|0|12,000
55,75369020|37,52851390|70,379997|2017-11-05 20:35:02|1509903302000|11|0|12,000
55,75386750|37,52841059|72,215996|2017-11-05 20:35:03|1509903303000|11|0|11,000
55,75402279|37,52827983|70,307999|2017-11-05 20:35:04|1509903304000|11|0|11,000
55,75418705|37,52815025|68,832001|2017-11-05 20:35:05|1509903305000|11|0|11,000
55,75433201|37,52804393|66,815994|2017-11-05 20:35:06|1509903306000|11|0|11,000
55,75447142|37,52793360|64,440002|2017-11-05 20:35:07|1509903307000|11|0|11,000
55,75461755|37,52783216|63,072002|2017-11-05 20:35:08|1509903308000|11|0|11,000
55,75472627|37,52770648|60,120003|2017-11-05 20:35:09|1509903309000|11|0|11,000
55,75487964|37,52761432|59,903999|2017-11-05 20:35:10|1509903310000|11|0|11,000
55,75500853|37,52753026|59,039997|2017-11-05 20:35:11|1509903311000|11|0|12,000
55,75513223|37,52744785|57,204002|2017-11-05 20:35:12|1509903312000|11|0|12,000
55,75523396|37,52732549|52,848000|2017-11-05 20:35:13|1509903313000|11|0|12,000
55,75536097|37,52724329|54,144001|2017-11-05 20:35:14|1509903314000|11|0|12,000
55,75547292|37,52713724|49,500000|2017-11-05 20:35:15|1509903315000|11|0|12,000
55,75560839|37,52706637|49,392002|2017-11-05 20:35:16|1509903316000|11|0|12,000
55,75572697|37,52700191|48,383999|2017-11-05 20:35:17|1509903317000|11|0|11,000
55,75583385|37,52691897|46,655998|2017-11-05 20:35:18|1509903318000|11|0|11,000
55,75592836|37,52684449|43,020000|2017-11-05 20:35:19|1509903319000|11|0|11,000
55,75602282|37,52678697|39,743999|2017-11-05 20:35:20|1509903320000|11|0|11,000
55,75610312|37,52670974|38,880001|2017-11-05 20:35:21|1509903321000|11|0|11,000
55,75618377|37,52663638|36,396000|2017-11-05 20:35:22|1509903322000|11|0|11,000
55,75626331|37,52657605|35,495998|2017-11-05 20:35:23|1509903323000|11|0|11,000
55,75636472|37,52654091|32,939999|2017-11-05 20:35:24|1509903324000|11|0|11,000
55,75644793|37,52650151|30,383999|2017-11-05 20:35:25|1509903325000|12|0|11,000
55,75649817|37,52642561|26,028000|2017-11-05 20:35:26|1509903326000|12|0|11,000
55,75657038|37,52638779|27,216000|2017-11-05 20:35:27|1509903327000|12|0|11,000
55,75663895|37,52634891|23,868000|2017-11-05 20:35:28|1509903328000|12|0|11,000
55,75669550|37,52630664|23,544001|2017-11-05 20:35:29|1509903329000|12|0|11,000
55,75674189|37,52625081|21,420000|2017-11-05 20:35:30|1509903330000|12|0|11,000
55,75678092|37,52620720|18,756001|2017-11-05 20:35:31|1509903331000|12|0|11,000
55,75681757|37,52615786|18,252001|2017-11-05 20:35:32|1509903332000|12|0|11,000
55,75687242|37,52611776|16,236000|2017-11-05 20:35:33|1509903333000|12|0|11,000
55,75689226|37,52607254|14,759999|2017-11-05 20:35:34|1509903334000|12|0|11,000
55,75691778|37,52605101|14,184000|2017-11-05 20:35:35|1509903335000|12|0|11,000
55,75693630|37,52603461|12,024000|2017-11-05 20:35:36|1509903336000|12|0|11,000
55,75695101|37,52601527|10,872000|2017-11-05 20:35:37|1509903337000|12|0|11,000
55,75695501|37,52599650|9,000000|2017-11-05 20:35:38|1509903338000|12|0|11,000
55,75696989|37,52597807|7,596000|2017-11-05 20:35:39|1509903339000|12|0|11,000
55,75698641|37,52596686|4,968000|2017-11-05 20:35:40|1509903340000|12|0|11,000
55,75699611|37,52595392|3,492000|2017-11-05 20:35:41|1509903341000|12|0|11,000
55,75700769|37,52595129|0,864000|2017-11-05 20:35:42|1509903342000|12|0|11,000
55,75700447|37,52595180|1,332000|2017-11-05 20:35:43|1509903343000|12|0|11,000
55,75698210|37,52595420|2,376000|2017-11-05 20:35:44|1509903344000|12|0|12,000
55,75697421|37,52594578|1,836000|2017-11-05 20:35:45|1509903345000|12|0|12,000
55,75698180|37,52594170|0,000000|2017-11-05 20:35:46|1509903346000|12|0|12,000
55,75699705|37,52592684|0,000000|2017-11-05 20:35:47|1509903347000|12|0|11,000
55,75699848|37,52593266|0,000000|2017-11-05 20:35:48|1509903348000|12|0|11,000
55,75700547|37,52592072|0,000000|2017-11-05 20:35:49|1509903349000|11|0|11,000
55,75700338|37,52591691|0,000000|2017-11-05 20:35:50|1509903350000|11|0|11,000
55,75700882|37,52590909|0,000000|2017-11-05 20:35:51|1509903351000|11|0|11,000
55,75700664|37,52590818|0,000000|2017-11-05 20:35:52|1509903352000|11|0|11,000
55,75700532|37,52591499|0,000000|2017-11-05 20:35:53|1509903353000|11|0|10,000
55,75700300|37,52591484|0,000000|2017-11-05 20:35:54|1509903354000|11|0|10,000
55,75700427|37,52591751|0,000000|2017-11-05 20:35:55|1509903355000|11|0|10,000
55,75699761|37,52590952|0,000000|2017-11-05 20:35:56|1509903356000|11|0|10,000
55,75700093|37,52590782|0,000000|2017-11-05 20:35:57|1509903357000|11|0|10,000
55,75700180|37,52591489|0,000000|2017-11-05 20:35:58|1509903358000|12|0|10,000
55,75700499|37,52592064|0,000000|2017-11-05 20:35:59|1509903359000|12|0|10,000
55,75700339|37,52592010|0,000000|2017-11-05 20:36:00|1509903360000|12|0|10,000
55,75700323|37,52592218|0,000000|2017-11-05 20:36:01|1509903361000|12|0|10,000
55,75700261|37,52592051|0,000000|2017-11-05 20:36:02|1509903362000|12|0|10,000
55,75700141|37,52591864|0,000000|2017-11-05 20:36:03|1509903363000|12|0|10,000
55,75700198|37,52592047|0,000000|2017-11-05 20:36:04|1509903364000|12|0|10,000
55,75700206|37,52592058|0,000000|2017-11-05 20:36:05|1509903365000|12|0|10,000
55,75700204|37,52592053|0,000000|2017-11-05 20:36:06|1509903366000|12|0|10,000
55,75700146|37,52592000|0,000000|2017-11-05 20:36:07|1509903367000|12|0|10,000
55,75700163|37,52592055|0,000000|2017-11-05 20:36:08|1509903368000|12|0|10,000
55,75700464|37,52592263|0,000000|2017-11-05 20:36:09|1509903369000|12|0|10,000
55,75700465|37,52592260|0,000000|2017-11-05 20:36:10|1509903370000|12|0|10,000
55,75700450|37,52592240|0,000000|2017-11-05 20:36:11|1509903371000|12|0|10,000
55,75700449|37,52592238|0,000000|2017-11-05 20:36:12|1509903372000|12|0|10,000
55,75700446|37,52592251|0,000000|2017-11-05 20:36:13|1509903373000|12|0|10,000
55,75700442|37,52592259|0,000000|2017-11-05 20:36:14|1509903374000|12|0|10,000
55,75700405|37,52592284|0,000000|2017-11-05 20:36:15|1509903375000|12|0|10,000
55,75700348|37,52592274|0,000000|2017-11-05 20:36:16|1509903376000|12|0|10,000
55,75700329|37,52592257|0,000000|2017-11-05 20:36:17|1509903377000|12|0|10,000
55,75701713|37,52590851|10,692000|2017-11-05 20:36:18|1509903378000|12|0|10,000
55,75705372|37,52587357|12,276000|2017-11-05 20:36:19|1509903379000|12|0|10,000
55,75709235|37,52585090|15,191999|2017-11-05 20:36:20|1509903380000|12|0|10,000
55,75713900|37,52580750|16,955999|2017-11-05 20:36:21|1509903381000|12|0|10,000
55,75721881|37,52579993|19,944000|2017-11-05 20:36:22|1509903382000|11|0|11,000
55,75726534|37,52574023|22,572001|2017-11-05 20:36:23|1509903383000|11|0|11,000
55,75732432|37,52569508|23,219999|2017-11-05 20:36:24|1509903384000|11|0|11,000
55,75738062|37,52565699|25,056000|2017-11-05 20:36:25|1509903385000|11|0|11,000
55,75745808|37,52560844|28,044001|2017-11-05 20:36:26|1509903386000|11|0|11,000
55,75752591|37,52555831|29,016001|2017-11-05 20:36:27|1509903387000|11|0|11,000
55,75760816|37,52550668|30,780001|2017-11-05 20:36:28|1509903388000|11|0|11,000
55,75768692|37,52543615|34,163998|2017-11-05 20:36:29|1509903389000|11|0|11,000
55,75778592|37,52534833|36,936001|2017-11-05 20:36:30|1509903390000|11|0|11,000
55,75786647|37,52528732|37,475998|2017-11-05 20:36:31|1509903391000|11|0|11,000
55,75797258|37,52521629|40,355999|2017-11-05 20:36:32|1509903392000|11|0|11,000
55,75807597|37,52513868|42,407997|2017-11-05 20:36:33|1509903393000|11|0|10,000
55,75817910|37,52504922|44,748001|2017-11-05 20:36:34|1509903394000|11|0|10,000
55,75827038|37,52494353|45,827999|2017-11-05 20:36:35|1509903395000|11|0|10,000
55,75836830|37,52484387|46,223999|2017-11-05 20:36:36|1509903396000|11|0|10,000
55,75848324|37,52475185|48,743999|2017-11-05 20:36:37|1509903397000|11|0|10,000
55,75859825|37,52464865|49,787998|2017-11-05 20:36:38|1509903398000|11|0|10,000
55,75871749|37,52456487|51,119999|2017-11-05 20:36:39|1509903399000|11|0|10,000
55,75883980|37,52446547|51,480000|2017-11-05 20:36:40|1509903400000|11|0|11,000
55,75897190|37,52436891|53,675999|2017-11-05 20:36:41|1509903401000|11|0|11,000
55,75910433|37,52424897|56,952000|2017-11-05 20:36:42|1509903402000|11|0|12,000
55,75923067|37,52416389|56,016003|2017-11-05 20:36:43|1509903403000|11|0|12,000
55,75935598|37,52403966|57,312000|2017-11-05 20:36:44|1509903404000|11|0|12,000
55,75949372|37,52389956|59,148003|2017-11-05 20:36:45|1509903405000|11|0|12,000
55,75963665|37,52377960|60,012001|2017-11-05 20:36:46|1509903406000|11|0|12,000
55,75977089|37,52367104|60,227997|2017-11-05 20:36:47|1509903407000|11|0|12,000
55,75990276|37,52355632|59,220001|2017-11-05 20:36:48|1509903408000|11|0|12,000
55,76005394|37,52339368|66,851997|2017-11-05 20:36:49|1509903409000|12|0|13,000
55,76019233|37,52320999|67,823997|2017-11-05 20:36:50|1509903410000|12|0|13,000
55,76033706|37,52306758|66,959999|2017-11-05 20:36:51|1509903411000|12|0|12,000
55,76048851|37,52294310|68,255997|2017-11-05 20:36:52|1509903412000|12|0|11,000
55,76062536|37,52275947|68,363998|2017-11-05 20:36:53|1509903413000|12|0|11,000
55,76078673|37,52262901|70,272003|2017-11-05 20:36:54|1509903414000|12|0|11,000
55,76093350|37,52246822|71,172005|2017-11-05 20:36:55|1509903415000|12|0|11,000
55,76109180|37,52231804|71,315994|2017-11-05 20:36:56|1509903416000|12|0|11,000
55,76124557|37,52218529|70,632004|2017-11-05 20:36:57|1509903417000|12|0|11,000
55,76141146|37,52203562|72,900002|2017-11-05 20:36:58|1509903418000|12|0|11,000
55,76158166|37,52190344|70,955994|2017-11-05 20:36:59|1509903419000|12|0|11,000
55,76173379|37,52174345|69,155998|2017-11-05 20:37:00|1509903420000|12|0|12,000
55,76188627|37,52159813|72,000000|2017-11-05 20:37:01|1509903421000|12|0|12,000
55,76204481|37,52146601|71,820000|2017-11-05 20:37:02|1509903422000|12|0|11,000
55,76220766|37,52130347|73,727997|2017-11-05 20:37:03|1509903423000|12|0|11,000
55,76237800|37,52115271|72,540001|2017-11-05 20:37:04|1509903424000|12|0|11,000
55,76257335|37,52097644|75,239998|2017-11-05 20:37:05|1509903425000|12|0|11,000
55,76273244|37,52082504|72,936005|2017-11-05 20:37:06|1509903426000|12|0|11,000
55,76289888|37,52067475|71,748001|2017-11-05 20:37:07|1509903427000|12|0|11,000
55,76305827|37,52052936|72,396004|2017-11-05 20:37:08|1509903428000|12|0|11,000
55,76322854|37,52037089|74,015999|2017-11-05 20:37:09|1509903429000|12|0|11,000
55,76340522|37,52020400|75,203995|2017-11-05 20:37:10|1509903430000|12|0|11,000
55,76354622|37,52004557|74,267998|2017-11-05 20:37:11|1509903431000|12|0|11,000
55,76369257|37,51991204|73,008003|2017-11-05 20:37:12|1509903432000|12|0|11,000
55,76384633|37,51976866|73,260002|2017-11-05 20:37:13|1509903433000|12|0|11,000
55,76401752|37,51963181|72,180000|2017-11-05 20:37:14|1509903434000|12|0|11,000
55,76417912|37,51945981|73,260002|2017-11-05 20:37:15|1509903435000|12|0|11,000
55,76435035|37,51930779|71,820000|2017-11-05 20:37:16|1509903436000|12|0|11,000
55,76450601|37,51916241|73,620003|2017-11-05 20:37:17|1509903437000|12|0|11,000
55,76464325|37,51900130|73,332001|2017-11-05 20:37:18|1509903438000|12|0|11,000
55,76479851|37,51885579|71,603996|2017-11-05 20:37:19|1509903439000|12|0|11,000
55,76493786|37,51870707|72,575996|2017-11-05 20:37:20|1509903440000|12|0|11,000
55,76508840|37,51855469|72,180000|2017-11-05 20:37:21|1509903441000|12|0|11,000
55,76524363|37,51839979|72,648003|2017-11-05 20:37:22|1509903442000|12|0|11,000
55,76538829|37,51825517|70,739998|2017-11-05 20:37:23|1509903443000|12|0|11,000
55,76555404|37,51808082|72,144005|2017-11-05 20:37:24|1509903444000|12|0|11,000
55,76571780|37,51792884|72,755997|2017-11-05 20:37:25|1509903445000|12|0|11,000
55,76586088|37,51778532|71,172005|2017-11-05 20:37:26|1509903446000|12|0|11,000
55,76599558|37,51764924|69,155998|2017-11-05 20:37:27|1509903447000|12|0|11,000
55,76616275|37,51746781|72,936005|2017-11-05 20:37:28|1509903448000|12|0|11,000
55,76631701|37,51728844|73,620003|2017-11-05 20:37:29|1509903449000|12|0|11,000
55,76648124|37,51713488|73,008003|2017-11-05 20:37:30|1509903450000|12|0|11,000
55,76665034|37,51697309|73,512001|2017-11-05 20:37:31|1509903451000|12|0|11,000
55,76679804|37,51683845|71,711998|2017-11-05 20:37:32|1509903452000|12|0|11,000
55,76695289|37,51667085|71,028000|2017-11-05 20:37:33|1509903453000|12|0|11,000
55,76711981|37,51654422|69,732002|2017-11-05 20:37:34|1509903454000|12|0|11,000
55,76728311|37,51639554|70,091995|2017-11-05 20:37:35|1509903455000|12|0|11,000
55,76744454|37,51626336|71,208000|2017-11-05 20:37:36|1509903456000|12|0|11,000
55,76761009|37,51613505|70,307999|2017-11-05 20:37:37|1509903457000|12|0|11,000
55,76776534|37,51597239|72,288002|2017-11-05 20:37:38|1509903458000|12|0|11,000
55,76793101|37,51581750|70,307999|2017-11-05 20:37:39|1509903459000|12|0|11,000
55,76808304|37,51566285|70,236000|2017-11-05 20:37:40|1509903460000|12|0|11,000
55,76824709|37,51551329|71,567993|2017-11-05 20:37:41|1509903461000|12|0|11,000
55,76838308|37,51537282|70,955994|2017-11-05 20:37:42|1509903462000|12|0|12,000
55,76854306|37,51521678|70,056000|2017-11-05 20:37:43|1509903463000|12|0|12,000
55,76869358|37,51506830|71,639999|2017-11-05 20:37:44|1509903464000|12|0|12,000
55,76888313|37,51494392|77,723999|2017-11-05 20:37:45|1509903465000|12|0|12,000
55,76905983|37,51480801|77,436005|2017-11-05 20:37:46|1509903466000|12|0|14,000
55,76964347|37,51433570|68,796005|2017-11-05 20:37:50|1509903470000|12|0|15,000
55,76981236|37,51417614|71,676003|2017-11-05 20:37:51|1509903471000|12|0|15,000
55,76998218|37,51403100|72,180000|2017-11-05 20:37:52|1509903472000|12|0|15,000
55,77009956|37,51386906|67,500000|2017-11-05 20:37:53|1509903473000|12|0|14,000
55,77026949|37,51377536|67,139999|2017-11-05 20:37:54|1509903474000|12|0|14,000
55,77045683|37,51356650|69,839996|2017-11-05 20:37:55|1509903475000|12|0|13,000
55,77058953|37,51345371|69,444000|2017-11-05 20:37:56|1509903476000|12|0|12,000
55,77073921|37,51331439|70,199997|2017-11-05 20:37:57|1509903477000|12|0|12,000
55,77088762|37,51315708|68,652000|2017-11-05 20:37:58|1509903478000|12|0|12,000
55,77103231|37,51300688|67,355995|2017-11-05 20:37:59|1509903479000|12|0|12,000
55,77118109|37,51285978|67,428001|2017-11-05 20:38:00|1509903480000|12|0|12,000
55,77136077|37,51273465|70,416000|2017-11-05 20:38:01|1509903481000|12|0|12,000
55,77151025|37,51258368|71,820000|2017-11-05 20:38:02|1509903482000|12|0|12,000
55,77166141|37,51243709|70,344002|2017-11-05 20:38:03|1509903483000|12|0|13,000
55,77180377|37,51229567|66,672005|2017-11-05 20:38:04|1509903484000|12|0|13,000
55,77195975|37,51217446|67,571999|2017-11-05 20:38:05|1509903485000|12|0|12,000
55,77210367|37,51205779|65,484001|2017-11-05 20:38:06|1509903486000|12|0|12,000
55,77225451|37,51189030|66,959999|2017-11-05 20:38:07|1509903487000|12|0|12,000
55,77241472|37,51175679|67,500000|2017-11-05 20:38:08|1509903488000|12|0|12,000
55,77253702|37,51157795|67,211998|2017-11-05 20:38:09|1509903489000|12|0|11,000
55,77266618|37,51146442|64,260002|2017-11-05 20:38:10|1509903490000|12|0|11,000
55,77280008|37,51133764|65,844002|2017-11-05 20:38:11|1509903491000|12|0|11,000
55,77293024|37,51119561|64,764000|2017-11-05 20:38:12|1509903492000|12|0|11,000
55,77307073|37,51105930|63,251999|2017-11-05 20:38:13|1509903493000|12|0|12,000
55,77319674|37,51091177|62,927998|2017-11-05 20:38:14|1509903494000|12|0|12,000
55,77333412|37,51079929|64,727997|2017-11-05 20:38:15|1509903495000|12|0|12,000
55,77348791|37,51066692|64,367996|2017-11-05 20:38:16|1509903496000|12|0|12,000
55,77363373|37,51052626|63,863998|2017-11-05 20:38:17|1509903497000|12|0|11,000
55,77378241|37,51039467|65,052002|2017-11-05 20:38:18|1509903498000|12|0|11,000
55,77391543|37,51025698|63,000000|2017-11-05 20:38:19|1509903499000|12|0|12,000
55,77406037|37,51012287|63,863998|2017-11-05 20:38:20|1509903500000|12|0|11,000
55,77420008|37,50998631|62,964001|2017-11-05 20:38:21|1509903501000|12|0|12,000
55,77433758|37,50985135|61,596001|2017-11-05 20:38:22|1509903502000|12|0|11,000
55,77448204|37,50972704|62,748001|2017-11-05 20:38:23|1509903503000|12|0|11,000
55,77460374|37,50958353|61,848000|2017-11-05 20:38:24|1509903504000|12|0|11,000
55,77473556|37,50946235|60,551998|2017-11-05 20:38:25|1509903505000|12|0|12,000
55,77487232|37,50933290|61,415997|2017-11-05 20:38:26|1509903506000|12|0|11,000
55,77499845|37,50919657|59,039997|2017-11-05 20:38:27|1509903507000|12|0|11,000
55,77512946|37,50906215|58,824001|2017-11-05 20:38:28|1509903508000|12|0|11,000
55,77524963|37,50893640|57,744003|2017-11-05 20:38:29|1509903509000|11|0|11,000
55,77537254|37,50879244|54,936001|2017-11-05 20:38:30|1509903510000|11|0|11,000
55,77549376|37,50870272|52,272003|2017-11-05 20:38:31|1509903511000|11|0|12,000
55,77558909|37,50860413|49,535999|2017-11-05 20:38:32|1509903512000|11|0|11,000
55,77569464|37,50851166|47,195999|2017-11-05 20:38:33|1509903513000|11|0|11,000
55,77579749|37,50842233|44,927998|2017-11-05 20:38:34|1509903514000|11|0|11,000
55,77590074|37,50835131|43,020000|2017-11-05 20:38:35|1509903515000|11|0|11,000
55,77598887|37,50828779|41,039997|2017-11-05 20:38:36|1509903516000|11|0|11,000
55,77606177|37,50821406|37,799999|2017-11-05 20:38:37|1509903517000|11|0|11,000
55,77614511|37,50814285|35,639999|2017-11-05 20:38:38|1509903518000|11|0|11,000
55,77622003|37,50808693|32,795998|2017-11-05 20:38:39|1509903519000|11|0|11,000
55,77630620|37,50805078|31,824001|2017-11-05 20:38:40|1509903520000|11|0|11,000
55,77637672|37,50802013|29,339998|2017-11-05 20:38:41|1509903521000|11|0|10,000
55,77643018|37,50795551|26,316000|2017-11-05 20:38:42|1509903522000|11|0|10,000
55,77649479|37,50793276|24,696001|2017-11-05 20:38:43|1509903523000|11|0|10,000
55,77654956|37,50789927|24,264000|2017-11-05 20:38:44|1509903524000|11|0|10,000
55,77660096|37,50785236|22,175999|2017-11-05 20:38:45|1509903525000|11|0|10,000
55,77664607|37,50780364|21,600000|2017-11-05 20:38:46|1509903526000|11|0|10,000
55,77668410|37,50775363|18,936001|2017-11-05 20:38:47|1509903527000|11|0|10,000
55,77671429|37,50773399|17,100000|2017-11-05 20:38:48|1509903528000|11|0|10,000
55,77674212|37,50768720|15,444000|2017-11-05 20:38:49|1509903529000|11|0|10,000
55,77676431|37,50768879|13,860000|2017-11-05 20:38:50|1509903530000|11|0|11,000
55,77679313|37,50766059|12,059999|2017-11-05 20:38:51|1509903531000|11|0|10,000
55,77681056|37,50763100|10,296000|2017-11-05 20:38:52|1509903532000|11|0|11,000
55,77683035|37,50763256|8,604000|2017-11-05 20:38:53|1509903533000|11|0|11,000
55,77685301|37,50762754|7,092000|2017-11-05 20:38:54|1509903534000|11|0|11,000
55,77686242|37,50761558|4,248000|2017-11-05 20:38:55|1509903535000|11|0|11,000
55,77687195|37,50761173|4,572000|2017-11-05 20:38:56|1509903536000|11|0|11,000
55,77687355|37,50760764|3,888000|2017-11-05 20:38:57|1509903537000|11|0|12,000
55,77686447|37,50760754|2,124000|2017-11-05 20:38:58|1509903538000|11|0|12,000
55,77687250|37,50760200|1,008000|2017-11-05 20:38:59|1509903539000|11|0|12,000
55,77686291|37,50758921|0,900000|2017-11-05 20:39:00|1509903540000|11|0|12,000
55,77685547|37,50758087|1,548000|2017-11-05 20:39:01|1509903541000|11|0|12,000
55,77686368|37,50756032|0,000000|2017-11-05 20:39:02|1509903542000|11|0|11,000
55,77686600|37,50755892|0,000000|2017-11-05 20:39:03|1509903543000|11|0|11,000
55,77687118|37,50755389|0,000000|2017-11-05 20:39:04|1509903544000|11|0|11,000
55,77686666|37,50754722|0,000000|2017-11-05 20:39:05|1509903545000|11|0|11,000
55,77686379|37,50753709|0,000000|2017-11-05 20:39:06|1509903546000|11|0|11,000
55,77686522|37,50753906|0,000000|2017-11-05 20:39:07|1509903547000|11|0|11,000
55,77686927|37,50753384|0,000000|2017-11-05 20:39:08|1509903548000|11|0|10,000
55,77686785|37,50753359|0,000000|2017-11-05 20:39:09|1509903549000|11|0|10,000
55,77686061|37,50752929|0,000000|2017-11-05 20:39:10|1509903550000|11|0|11,000
55,77685930|37,50753007|0,000000|2017-11-05 20:39:11|1509903551000|11|0|11,000
55,77685381|37,50753133|0,000000|2017-11-05 20:39:12|1509903552000|11|0|11,000
55,77686232|37,50753729|0,000000|2017-11-05 20:39:13|1509903553000|11|0|10,000
55,77687268|37,50755436|0,000000|2017-11-05 20:39:14|1509903554000|11|0|10,000
55,77687376|37,50755555|0,000000|2017-11-05 20:39:15|1509903555000|11|0|10,000
55,77687553|37,50755690|0,000000|2017-11-05 20:39:16|1509903556000|11|0|10,000
55,77688048|37,50756576|0,000000|2017-11-05 20:39:17|1509903557000|11|0|10,000
55,77688303|37,50757027|0,000000|2017-11-05 20:39:18|1509903558000|11|0|10,000
55,77688424|37,50757297|0,000000|2017-11-05 20:39:19|1509903559000|11|0|10,000
55,77688648|37,50757559|0,000000|2017-11-05 20:39:20|1509903560000|11|0|10,000
55,77688685|37,50757635|0,000000|2017-11-05 20:39:21|1509903561000|11|0|10,000
55,77688815|37,50757726|0,000000|2017-11-05 20:39:22|1509903562000|11|0|10,000
55,77688858|37,50757764|0,000000|2017-11-05 20:39:23|1509903563000|11|0|10,000
55,77688889|37,50757847|0,000000|2017-11-05 20:39:24|1509903564000|11|0|10,000
55,77688910|37,50757826|0,000000|2017-11-05 20:39:25|1509903565000|11|0|10,000
55,77688905|37,50757834|0,000000|2017-11-05 20:39:26|1509903566000|11|0|10,000
55,77688897|37,50757825|0,000000|2017-11-05 20:39:27|1509903567000|11|0|10,000
55,77688890|37,50757823|0,000000|2017-11-05 20:39:28|1509903568000|11|0|10,000
55,77688890|37,50757830|0,000000|2017-11-05 20:39:29|1509903569000|11|0|10,000
55,77688886|37,50757825|0,000000|2017-11-05 20:39:30|1509903570000|11|0|10,000
55,77688762|37,50757826|0,000000|2017-11-05 20:39:31|1509903571000|11|0|10,000
55,77688887|37,50757825|0,000000|2017-11-05 20:39:32|1509903572000|11|0|10,000
55,77688871|37,50757787|0,000000|2017-11-05 20:39:33|1509903573000|11|0|10,000
55,77688906|37,50757823|0,000000|2017-11-05 20:39:34|1509903574000|11|0|10,000
55,77688862|37,50757826|0,000000|2017-11-05 20:39:35|1509903575000|11|0|10,000
55,77688932|37,50757853|0,000000|2017-11-05 20:39:36|1509903576000|11|0|10,000
55,77690403|37,50756606|10,944000|2017-11-05 20:39:37|1509903577000|11|0|10,000
55,77694185|37,50754126|12,816000|2017-11-05 20:39:38|1509903578000|11|0|10,000
55,77698986|37,50748487|13,860000|2017-11-05 20:39:39|1509903579000|11|0|10,000
55,77703405|37,50744941|16,632000|2017-11-05 20:39:40|1509903580000|11|0|10,000
55,77707441|37,50740935|18,396000|2017-11-05 20:39:41|1509903581000|11|0|10,000
55,77712608|37,50735975|19,980001|2017-11-05 20:39:42|1509903582000|11|0|11,000
55,77719300|37,50732365|21,312000|2017-11-05 20:39:43|1509903583000|11|0|10,000
55,77726371|37,50728070|24,480001|2017-11-05 20:39:44|1509903584000|11|0|10,000
55,77731275|37,50724837|26,784000|2017-11-05 20:39:45|1509903585000|11|0|10,000
55,77735561|37,50720337|28,080000|2017-11-05 20:39:46|1509903586000|11|0|10,000
55,77743197|37,50717091|29,519999|2017-11-05 20:39:47|1509903587000|11|0|11,000
55,77747604|37,50713111|30,492001|2017-11-05 20:39:48|1509903588000|11|0|11,000
55,77756081|37,50708961|32,795998|2017-11-05 20:39:49|1509903589000|11|0|11,000
55,77765136|37,50702329|35,028000|2017-11-05 20:39:50|1509903590000|11|0|11,000
55,77775099|37,50697491|37,764000|2017-11-05 20:39:51|1509903591000|11|0|11,000
55,77785616|37,50696192|38,448002|2017-11-05 20:39:52|1509903592000|11|0|11,000
55,77794864|37,50690164|41,723999|2017-11-05 20:39:53|1509903593000|11|0|11,000
55,77805548|37,50685417|43,812000|2017-11-05 20:39:54|1509903594000|11|0|11,000
55,77816288|37,50678548|43,883999|2017-11-05 20:39:55|1509903595000|11|0|12,000
55,77827094|37,50675125|45,431999|2017-11-05 20:39:56|1509903596000|11|0|11,000
55,77839117|37,50669691|46,764000|2017-11-05 20:39:57|1509903597000|11|0|12,000
55,77849932|37,50664372|45,683998|2017-11-05 20:39:58|1509903598000|11|0|11,000
55,77862716|37,50658706|48,924000|2017-11-05 20:39:59|1509903599000|11|0|11,000
55,77878316|37,50656126|51,624001|2017-11-05 20:40:00|1509903600000|12|0|10,000
55,77891591|37,50654132|51,444000|2017-11-05 20:40:01|1509903601000|12|0|11,000
55,77906489|37,50648969|53,712002|2017-11-05 20:40:02|1509903602000|12|0|10,000
55,77919903|37,50645421|53,424000|2017-11-05 20:40:03|1509903603000|12|0|10,000
55,77933444|37,50642282|54,827999|2017-11-05 20:40:04|1509903604000|12|0|10,000
55,77946897|37,50637155|55,403999|2017-11-05 20:40:05|1509903605000|12|0|11,000
55,77959882|37,50632829|54,827999|2017-11-05 20:40:06|1509903606000|12|0|12,000
55,77977340|37,50630686|57,924000|2017-11-05 20:40:07|1509903607000|12|0|11,000
55,77993581|37,50626855|59,652000|2017-11-05 20:40:08|1509903608000|12|0|11,000
55,78007519|37,50624240|57,492001|2017-11-05 20:40:09|1509903609000|12|0|11,000
55,78022967|37,50619855|62,136002|2017-11-05 20:40:10|1509903610000|12|0|11,000
55,78038931|37,50617365|63,251999|2017-11-05 20:40:11|1509903611000|12|0|11,000
55,78054909|37,50613715|63,936001|2017-11-05 20:40:12|1509903612000|12|0|11,000
55,78073039|37,50610392|67,067993|2017-11-05 20:40:13|1509903613000|12|0|11,000
55,78089382|37,50605157|66,384003|2017-11-05 20:40:14|1509903614000|12|0|11,000
55,78106925|37,50600767|66,528000|2017-11-05 20:40:15|1509903615000|12|0|11,000
55,78126444|37,50599330|69,875999|2017-11-05 20:40:16|1509903616000|12|0|12,000
55,78144580|37,50594863|69,984001|2017-11-05 20:40:17|1509903617000|12|0|12,000
55,78163400|37,50588556|72,827995|2017-11-05 20:40:18|1509903618000|12|0|13,000
55,78181485|37,50584934|70,524002|2017-11-05 20:40:19|1509903619000|12|0|13,000
55,78200608|37,50581112|72,755997|2017-11-05 20:40:20|1509903620000|12|0|13,000
55,78218141|37,50578842|71,208000|2017-11-05 20:40:21|1509903621000|12|0|14,000
55,78232797|37,50576738|71,063995|2017-11-05 20:40:22|1509903622000|12|0|14,000
55,78251367|37,50572294|73,548004|2017-11-05 20:40:23|1509903623000|12|0|14,000
55,78271424|37,50570655|72,540001|2017-11-05 20:40:24|1509903624000|12|0|14,000
55,78290734|37,50565231|74,447998|2017-11-05 20:40:25|1509903625000|12|0|14,000
55,78310629|37,50558516|76,823997|2017-11-05 20:40:26|1509903626000|12|0|14,000
55,78328257|37,50554365|75,059998|2017-11-05 20:40:27|1509903627000|12|0|13,000
55,78346947|37,50552415|73,079994|2017-11-05 20:40:28|1509903628000|12|0|13,000
55,78366058|37,50547732|74,591995|2017-11-05 20:40:29|1509903629000|12|0|13,000
55,78384583|37,50546189|71,603996|2017-11-05 20:40:30|1509903630000|12|0|13,000
55,78402105|37,50544732|71,315994|2017-11-05 20:40:31|1509903631000|12|0|13,000
55,78421800|37,50539773|71,459999|2017-11-05 20:40:32|1509903632000|12|0|13,000
55,78438655|37,50535867|69,875999|2017-11-05 20:40:33|1509903633000|12|0|13,000
55,78456091|37,50530735|70,091995|2017-11-05 20:40:34|1509903634000|12|0|13,000
55,78473313|37,50525315|68,615997|2017-11-05 20:40:35|1509903635000|12|0|12,000
55,78490375|37,50523059|66,132004|2017-11-05 20:40:36|1509903636000|12|0|12,000
55,78507282|37,50519719|65,844002|2017-11-05 20:40:37|1509903637000|12|0|12,000
55,78519595|37,50517941|63,251999|2017-11-05 20:40:38|1509903638000|12|0|12,000
55,78535358|37,50513884|60,767998|2017-11-05 20:40:39|1509903639000|12|0|12,000
55,78551728|37,50510499|58,679996|2017-11-05 20:40:40|1509903640000|12|0|12,000
55,78565548|37,50506339|57,167999|2017-11-05 20:40:41|1509903641000|12|0|12,000
55,78581628|37,50505024|57,132000|2017-11-05 20:40:42|1509903642000|12|0|12,000
55,78595066|37,50502253|54,324001|2017-11-05 20:40:43|1509903643000|12|0|11,000
55,78608507|37,50500294|52,776001|2017-11-05 20:40:44|1509903644000|12|0|12,000
55,78619828|37,50497079|50,723999|2017-11-05 20:40:45|1509903645000|12|0|12,000
55,78632561|37,50494163|50,363998|2017-11-05 20:40:46|1509903646000|12|0|12,000
55,78644343|37,50491349|47,663998|2017-11-05 20:40:47|1509903647000|12|0|12,000
55,78655017|37,50487307|46,619999|2017-11-05 20:40:48|1509903648000|12|0|12,000
55,78664413|37,50484280|41,939999|2017-11-05 20:40:49|1509903649000|12|0|12,000
55,78675188|37,50482183|41,327999|2017-11-05 20:40:50|1509903650000|12|0|12,000
55,78682941|37,50479317|36,576000|2017-11-05 20:40:51|1509903651000|12|0|11,000
55,78691198|37,50477527|35,243999|2017-11-05 20:40:52|1509903652000|12|0|12,000
55,78698997|37,50474877|34,560001|2017-11-05 20:40:53|1509903653000|12|0|11,000
55,78706306|37,50473447|31,680000|2017-11-05 20:40:54|1509903654000|12|0|11,000
55,78714709|37,50473480|29,160002|2017-11-05 20:40:55|1509903655000|12|0|11,000
55,78722204|37,50471614|27,108002|2017-11-05 20:40:56|1509903656000|12|0|11,000
55,78729187|37,50468824|26,243999|2017-11-05 20:40:57|1509903657000|12|0|11,000
55,78735884|37,50466544|24,264000|2017-11-05 20:40:58|1509903658000|12|0|11,000
55,78742788|37,50466754|21,959999|2017-11-05 20:40:59|1509903659000|11|0|11,000
55,78747716|37,50465612|18,180000|2017-11-05 20:41:00|1509903660000|11|0|12,000
55,78751441|37,50463160|16,991999|2017-11-05 20:41:01|1509903661000|11|0|13,000
55,78755426|37,50462885|17,208000|2017-11-05 20:41:02|1509903662000|11|0|13,000
55,78761391|37,50465143|18,180000|2017-11-05 20:41:03|1509903663000|11|0|12,000
55,78764363|37,50463234|12,240001|2017-11-05 20:41:04|1509903664000|11|0|13,000
55,78765002|37,50463299|10,151999|2017-11-05 20:41:05|1509903665000|11|0|12,000
55,78768441|37,50462806|11,592000|2017-11-05 20:41:06|1509903666000|10|0|13,000
55,78770378|37,50461471|11,448000|2017-11-05 20:41:07|1509903667000|10|0|14,000
55,78776580|37,50464166|19,080000|2017-11-05 20:41:08|1509903668000|10|0|15,000
55,78776017|37,50464108|10,151999|2017-11-05 20:41:09|1509903669000|10|0|14,000
55,78775683|37,50460736|4,500000|2017-11-05 20:41:10|1509903670000|10|0|14,000
55,78775040|37,50458685|1,116000|2017-11-05 20:41:11|1509903671000|10|0|14,000
55,78773932|37,50460096|2,880000|2017-11-05 20:41:12|1509903672000|10|0|13,000
55,78773564|37,50460965|1,800000|2017-11-05 20:41:13|1509903673000|10|0|13,000
55,78776465|37,50452001|3,060000|2017-11-05 20:41:14|1509903674000|10|0|13,000
55,78776204|37,50452979|2,772000|2017-11-05 20:41:15|1509903675000|10|0|13,000
55,78776226|37,50449064|0,000000|2017-11-05 20:41:16|1509903676000|10|0|12,000
55,78774758|37,50448254|0,864000|2017-11-05 20:41:17|1509903677000|10|0|12,000
55,78774089|37,50447401|0,648000|2017-11-05 20:41:18|1509903678000|10|0|12,000
55,78773158|37,50448812|1,080000|2017-11-05 20:41:19|1509903679000|10|0|12,000
55,78771893|37,50452128|0,648000|2017-11-05 20:41:20|1509903680000|10|0|12,000
55,78770914|37,50453675|0,000000|2017-11-05 20:41:21|1509903681000|10|0|12,000
55,78770775|37,50452629|0,000000|2017-11-05 20:41:22|1509903682000|10|0|12,000
55,78771367|37,50450501|0,000000|2017-11-05 20:41:23|1509903683000|10|0|11,000
55,78771328|37,50449398|0,000000|2017-11-05 20:41:24|1509903684000|10|0|11,000
55,78771612|37,50448730|0,000000|2017-11-05 20:41:25|1509903685000|10|0|11,000
55,78771789|37,50448878|0,000000|2017-11-05 20:41:26|1509903686000|10|0|11,000
55,78771730|37,50448414|0,000000|2017-11-05 20:41:27|1509903687000|10|0|11,000
55,78771648|37,50447053|0,000000|2017-11-05 20:41:28|1509903688000|10|0|11,000
55,78771961|37,50445570|0,000000|2017-11-05 20:41:29|1509903689000|10|0|11,000
55,78771162|37,50445441|0,000000|2017-11-05 20:41:30|1509903690000|10|0|11,000
55,78771067|37,50445119|0,000000|2017-11-05 20:41:31|1509903691000|10|0|11,000
55,78771270|37,50444610|0,000000|2017-11-05 20:41:32|1509903692000|9|0|11,000
55,78771210|37,50444469|0,000000|2017-11-05 20:41:33|1509903693000|9|0|11,000
55,78771128|37,50444475|0,000000|2017-11-05 20:41:34|1509903694000|9|0|11,000
55,78771317|37,50443985|0,000000|2017-11-05 20:41:35|1509903695000|9|0|11,000
55,78771307|37,50443993|0,000000|2017-11-05 20:41:36|1509903696000|9|0|11,000
55,78771347|37,50444249|0,000000|2017-11-05 20:41:37|1509903697000|9|0|11,000
55,78771282|37,50444440|0,000000|2017-11-05 20:41:38|1509903698000|9|0|11,000
55,78771388|37,50445185|0,000000|2017-11-05 20:41:39|1509903699000|9|0|11,000
55,78771353|37,50445316|0,000000|2017-11-05 20:41:40|1509903700000|9|0|11,000
55,78771348|37,50445356|0,000000|2017-11-05 20:41:41|1509903701000|9|0|11,000
55,78771241|37,50444938|0,000000|2017-11-05 20:41:42|1509903702000|9|0|11,000
55,78771067|37,50444857|0,000000|2017-11-05 20:41:43|1509903703000|10|0|12,000
55,78770961|37,50444793|0,000000|2017-11-05 20:41:44|1509903704000|10|0|11,000
55,78770949|37,50445017|0,000000|2017-11-05 20:41:45|1509903705000|10|0|11,000
55,78771025|37,50444797|0,000000|2017-11-05 20:41:46|1509903706000|10|0|11,000
55,78770998|37,50444726|0,000000|2017-11-05 20:41:47|1509903707000|10|0|11,000
55,78771049|37,50444893|0,000000|2017-11-05 20:41:48|1509903708000|10|0|11,000
55,78771046|37,50444902|0,000000|2017-11-05 20:41:49|1509903709000|10|0|10,000
55,78771034|37,50445246|0,000000|2017-11-05 20:41:50|1509903710000|10|0|10,000
55,78771014|37,50444914|0,000000|2017-11-05 20:41:51|1509903711000|10|0|11,000
55,78772864|37,50444359|12,600000|2017-11-05 20:41:52|1509903712000|10|0|11,000
55,78777223|37,50440890|13,680000|2017-11-05 20:41:53|1509903713000|10|0|11,000
55,78781952|37,50438498|15,263999|2017-11-05 20:41:54|1509903714000|10|0|11,000
55,78786511|37,50437179|16,019999|2017-11-05 20:41:55|1509903715000|10|0|11,000
55,78793794|37,50433126|20,808001|2017-11-05 20:41:56|1509903716000|10|0|11,000
55,78801897|37,50438974|22,320000|2017-11-05 20:41:57|1509903717000|10|0|12,000
55,78809440|37,50436279|23,688000|2017-11-05 20:41:58|1509903718000|10|0|13,000
55,78821757|37,50442035|29,916002|2017-11-05 20:41:59|1509903719000|10|0|12,000
55,78829074|37,50440686|32,543999|2017-11-05 20:42:00|1509903720000|10|0|13,000
55,78837706|37,50436789|32,832001|2017-11-05 20:42:01|1509903721000|10|0|13,000
55,78848560|37,50439744|32,400002|2017-11-05 20:42:02|1509903722000|10|0|13,000
55,78857900|37,50440925|33,768002|2017-11-05 20:42:03|1509903723000|10|0|14,000
55,78867514|37,50440383|36,612000|2017-11-05 20:42:04|1509903724000|10|0|14,000
55,78877373|37,50437344|38,592003|2017-11-05 20:42:05|1509903725000|10|0|15,000
55,78886281|37,50432220|38,411999|2017-11-05 20:42:06|1509903726000|10|0|15,000
55,78896809|37,50429346|41,616001|2017-11-05 20:42:07|1509903727000|10|0|16,000
55,78904098|37,50426152|38,051998|2017-11-05 20:42:08|1509903728000|10|0|18,000
55,78913167|37,50422102|37,907997|2017-11-05 20:42:09|1509903729000|10|0|21,000
55,78922079|37,50418586|37,152000|2017-11-05 20:42:10|1509903730000|10|0|24,000
55,78933802|37,50418271|40,931999|2017-11-05 20:42:11|1509903731000|10|0|23,000
55,78948082|37,50414622|44,927998|2017-11-05 20:42:12|1509903732000|10|0|18,000
55,78959620|37,50416761|47,340000|2017-11-05 20:42:13|1509903733000|10|0|16,000
55,78972722|37,50408492|46,439999|2017-11-05 20:42:14|1509903734000|10|0|15,000
