55,72246307|38,33237809|51,588001|2017-11-06 10:38:44|1509953924000|10|0|7,000
55,72242756|38,33263821|51,012001|2017-11-06 10:38:45|1509953925000|11|0|6,000
55,72239466|38,33282562|50,148003|2017-11-06 10:38:46|1509953926000|11|0|5,000
55,72237835|38,33304311|50,795998|2017-11-06 10:38:47|1509953927000|11|0|5,000
55,72236236|38,33326551|49,104000|2017-11-06 10:38:48|1509953928000|11|0|4,000
55,72234759|38,33348639|49,104000|2017-11-06 10:38:49|1509953929000|11|0|4,000
55,72234388|38,33369380|43,848000|2017-11-06 10:38:50|1509953930000|10|0|4,000
55,72231997|38,33388367|44,712002|2017-11-06 10:38:51|1509953931000|11|0|4,000
55,72230349|38,33408385|43,272003|2017-11-06 10:38:52|1509953932000|11|0|4,000
55,72228422|38,33427202|42,227997|2017-11-06 10:38:53|1509953933000|11|0|4,000
55,72226617|38,33445967|41,292000|2017-11-06 10:38:54|1509953934000|11|0|3,000
55,72225544|38,33464392|40,931999|2017-11-06 10:38:55|1509953935000|11|0|5,000
55,72225106|38,33482026|39,204002|2017-11-06 10:38:56|1509953936000|11|0|4,000
55,72225058|38,33498691|38,700001|2017-11-06 10:38:57|1509953937000|11|0|3,000
55,72224029|38,33515807|39,204002|2017-11-06 10:38:58|1509953938000|11|0|3,000
55,72222263|38,33535064|42,048000|2017-11-06 10:38:59|1509953939000|11|0|3,000
55,72221784|38,33553180|41,183998|2017-11-06 10:39:00|1509953940000|11|0|3,000
55,72221361|38,33570343|40,248001|2017-11-06 10:39:01|1509953941000|11|0|3,000
55,72221266|38,33589096|41,543999|2017-11-06 10:39:02|1509953942000|11|0|3,000
55,72220784|38,33608962|43,560001|2017-11-06 10:39:03|1509953943000|10|0|3,000
55,72220213|38,33629662|46,152000|2017-11-06 10:39:04|1509953944000|10|0|3,000
55,72220195|38,33650531|46,188000|2017-11-06 10:39:05|1509953945000|10|0|3,000
55,72220146|38,33669516|44,172001|2017-11-06 10:39:06|1509953946000|10|0|3,000
55,72219942|38,33688972|42,768002|2017-11-06 10:39:07|1509953947000|8|0|3,000
55,72219559|38,33708336|42,048000|2017-11-06 10:39:08|1509953948000|7|0|3,000
55,72219529|38,33726880|41,472000|2017-11-06 10:39:09|1509953949000|8|0|3,000
55,72219768|38,33745071|40,212002|2017-11-06 10:39:10|1509953950000|8|0|3,000
55,72219174|38,33762376|38,736000|2017-11-06 10:39:11|1509953951000|8|0|3,000
55,72219157|38,33779022|37,619999|2017-11-06 10:39:12|1509953952000|7|0|3,000
55,72218612|38,33796278|36,504002|2017-11-06 10:39:13|1509953953000|6|0|3,000
55,72218052|38,33811016|33,227997|2017-11-06 10:39:14|1509953954000|7|0|3,000
55,72218835|38,33825361|30,924000|2017-11-06 10:39:15|1509953955000|8|0|3,000
55,72218095|38,33837603|27,647999|2017-11-06 10:39:16|1509953956000|8|0|3,000
55,72217512|38,33847520|23,076000|2017-11-06 10:39:17|1509953957000|8|0|3,000
55,72218537|38,33856128|16,884001|2017-11-06 10:39:18|1509953958000|7|0|3,000
55,72217618|38,33862404|9,504001|2017-11-06 10:39:19|1509953959000|7|0|3,000
55,72217537|38,33865346|2,196000|2017-11-06 10:39:20|1509953960000|7|0|3,000
55,72218603|38,33866282|0,000000|2017-11-06 10:39:21|1509953961000|7|0|3,000
55,72218741|38,33865710|0,000000|2017-11-06 10:39:22|1509953962000|9|0|3,000
55,72218727|38,33865853|1,620000|2017-11-06 10:39:23|1509953963000|7|0|3,000
55,72218798|38,33866450|2,988000|2017-11-06 10:39:24|1509953964000|8|0|3,000
55,72218761|38,33867777|2,988000|2017-11-06 10:39:25|1509953965000|8|0|4,000
55,72218724|38,33869103|2,988000|2017-11-06 10:39:26|1509953966000|8|0|5,000
55,72217114|38,33871371|0,864000|2017-11-06 10:39:27|1509953967000|8|0|4,000
55,72217823|38,33869643|0,000000|2017-11-06 10:39:28|1509953968000|10|0|4,000
55,72218431|38,33869710|0,000000|2017-11-06 10:39:29|1509953969000|10|0|4,000
55,72218173|38,33870618|0,000000|2017-11-06 10:39:30|1509953970000|9|0|3,000
55,72217982|38,33871256|0,000000|2017-11-06 10:39:31|1509953971000|10|0|3,000
55,72217761|38,33871474|0,000000|2017-11-06 10:39:32|1509953972000|10|0|3,000
55,72217580|38,33871713|0,000000|2017-11-06 10:39:33|1509953973000|10|0|3,000
55,72217771|38,33871560|0,000000|2017-11-06 10:39:34|1509953974000|10|0|3,000
55,72218138|38,33871724|0,000000|2017-11-06 10:39:35|1509953975000|10|0|3,000
55,72218294|38,33871790|0,000000|2017-11-06 10:39:36|1509953976000|10|0|3,000
55,72218336|38,33871778|0,000000|2017-11-06 10:39:37|1509953977000|10|0|3,000
55,72218272|38,33871609|0,000000|2017-11-06 10:39:38|1509953978000|10|0|3,000
55,72218307|38,33871566|0,000000|2017-11-06 10:39:39|1509953979000|10|0|3,000
55,72218306|38,33871537|0,000000|2017-11-06 10:39:40|1509953980000|10|0|3,000
55,72218276|38,33871867|1,224000|2017-11-06 10:39:41|1509953981000|10|0|3,000
55,72218263|38,33871801|1,692000|2017-11-06 10:39:42|1509953982000|10|0|3,000
55,72218165|38,33872488|2,268000|2017-11-06 10:39:43|1509953983000|10|0|3,000
55,72218192|38,33871847|1,152000|2017-11-06 10:39:44|1509953984000|10|0|3,000
55,72217786|38,33871838|0,000000|2017-11-06 10:39:45|1509953985000|10|0|3,000
55,72217667|38,33871722|0,000000|2017-11-06 10:39:46|1509953986000|10|0|3,000
55,72217748|38,33871524|0,000000|2017-11-06 10:39:47|1509953987000|10|0|3,000
55,72217762|38,33871117|0,000000|2017-11-06 10:39:48|1509953988000|10|0|3,000
55,72217765|38,33871928|2,988000|2017-11-06 10:39:49|1509953989000|10|0|3,000
55,72217529|38,33874503|5,616000|2017-11-06 10:39:50|1509953990000|10|0|3,000
55,72217748|38,33879142|10,296000|2017-11-06 10:39:51|1509953991000|10|0|3,000
55,72217698|38,33886200|15,480000|2017-11-06 10:39:52|1509953992000|10|0|3,000
55,72217490|38,33893951|18,143999|2017-11-06 10:39:53|1509953993000|10|0|3,000
55,72217363|38,33901776|18,000000|2017-11-06 10:39:54|1509953994000|10|0|3,000
55,72217154|38,33911307|21,312000|2017-11-06 10:39:55|1509953995000|11|0|3,000
55,72217217|38,33922847|24,803999|2017-11-06 10:39:56|1509953996000|11|0|3,000
55,72217351|38,33936195|28,476000|2017-11-06 10:39:57|1509953997000|11|0|3,000
55,72217199|38,33951535|33,660000|2017-11-06 10:39:58|1509953998000|11|0|3,000
55,72217192|38,33967269|35,604000|2017-11-06 10:39:59|1509953999000|10|0|3,000
55,72217248|38,33982836|35,712002|2017-11-06 10:40:00|1509954000000|11|0|3,000
55,72217689|38,33999985|38,124001|2017-11-06 10:40:01|1509954001000|11|0|3,000
55,72217501|38,34019303|42,227997|2017-11-06 10:40:02|1509954002000|11|0|3,000
55,72217959|38,34039986|44,243999|2017-11-06 10:40:03|1509954003000|8|0|3,000
55,72218429|38,34060272|48,060001|2017-11-06 10:40:04|1509954004000|9|0|3,000
55,72218914|38,34081084|48,888000|2017-11-06 10:40:05|1509954005000|9|0|3,000
55,72218839|38,34101805|47,987999|2017-11-06 10:40:06|1509954006000|9|0|3,000
55,72219140|38,34122971|47,880001|2017-11-06 10:40:07|1509954007000|9|0|3,000
55,72219469|38,34145881|49,751999|2017-11-06 10:40:08|1509954008000|10|0|3,000
55,72220483|38,34169316|51,119999|2017-11-06 10:40:09|1509954009000|9|0|3,000
55,72220573|38,34191729|53,172001|2017-11-06 10:40:10|1509954010000|9|0|3,000
55,72220527|38,34215937|54,972000|2017-11-06 10:40:11|1509954011000|10|0|3,000
55,72221321|38,34240746|56,916000|2017-11-06 10:40:12|1509954012000|9|0|3,000
55,72221991|38,34266339|56,088001|2017-11-06 10:40:13|1509954013000|8|0|3,000
55,72223011|38,34290583|54,900002|2017-11-06 10:40:14|1509954014000|8|0|3,000
55,72224155|38,34314191|53,099998|2017-11-06 10:40:15|1509954015000|9|0|3,000
55,72224556|38,34337787|52,344002|2017-11-06 10:40:16|1509954016000|9|0|3,000
55,72225281|38,34360423|51,624001|2017-11-06 10:40:17|1509954017000|9|0|3,000
55,72224380|38,34381416|52,092003|2017-11-06 10:40:18|1509954018000|9|0|3,000
55,72225825|38,34404638|51,768002|2017-11-06 10:40:19|1509954019000|10|0|3,000
55,72226621|38,34428510|52,380001|2017-11-06 10:40:20|1509954020000|8|0|3,000
55,72227096|38,34451799|52,776001|2017-11-06 10:40:21|1509954021000|8|0|3,000
55,72228589|38,34476023|53,028000|2017-11-06 10:40:22|1509954022000|8|0|3,000
55,72228975|38,34498568|52,272003|2017-11-06 10:40:23|1509954023000|10|0|3,000
55,72229393|38,34521417|51,480000|2017-11-06 10:40:24|1509954024000|9|0|3,000
55,72229909|38,34543914|51,227997|2017-11-06 10:40:25|1509954025000|9|0|3,000
55,72229937|38,34568696|53,316002|2017-11-06 10:40:26|1509954026000|10|0|3,000
55,72231893|38,34593323|55,332001|2017-11-06 10:40:27|1509954027000|11|0|3,000
55,72232286|38,34618581|57,060001|2017-11-06 10:40:28|1509954028000|11|0|3,000
55,72231889|38,34645129|58,103996|2017-11-06 10:40:29|1509954029000|10|0|3,000
55,72232661|38,34669971|57,348000|2017-11-06 10:40:30|1509954030000|9|0|3,000
55,72233409|38,34695913|58,608002|2017-11-06 10:40:31|1509954031000|10|0|3,000
55,72233997|38,34721376|60,048000|2017-11-06 10:40:32|1509954032000|12|0|3,000
55,72234322|38,34748281|61,452000|2017-11-06 10:40:33|1509954033000|9|0|3,000
55,72235740|38,34775923|62,855995|2017-11-06 10:40:34|1509954034000|9|0|3,000
55,72236463|38,34803494|64,403999|2017-11-06 10:40:35|1509954035000|10|0|3,000
55,72237350|38,34831960|65,484001|2017-11-06 10:40:36|1509954036000|8|0|3,000
55,72237646|38,34860775|68,040001|2017-11-06 10:40:37|1509954037000|10|0|3,000
55,72238525|38,34891990|68,940002|2017-11-06 10:40:38|1509954038000|10|0|3,000
55,72237603|38,34923335|70,272003|2017-11-06 10:40:39|1509954039000|10|0|3,000
55,72238320|38,34954537|68,255997|2017-11-06 10:40:40|1509954040000|8|0|3,000
55,72239322|38,34983768|65,987999|2017-11-06 10:40:41|1509954041000|9|0|3,000
55,72239768|38,35012749|65,087997|2017-11-06 10:40:42|1509954042000|8|0|3,000
55,72239894|38,35040429|63,863998|2017-11-06 10:40:43|1509954043000|9|0|3,000
55,72240122|38,35069457|65,916000|2017-11-06 10:40:44|1509954044000|8|0|3,000
55,72241048|38,35097908|66,455994|2017-11-06 10:40:45|1509954045000|10|0|3,000
55,72240617|38,35127184|67,715996|2017-11-06 10:40:46|1509954046000|8|0|3,000
55,72240317|38,35157966|68,472000|2017-11-06 10:40:47|1509954047000|7|0|3,000
55,72240318|38,35188390|69,587997|2017-11-06 10:40:48|1509954048000|8|0|3,000
55,72239371|38,35217824|68,148003|2017-11-06 10:40:49|1509954049000|9|0|3,000
55,72239777|38,35246706|67,032005|2017-11-06 10:40:50|1509954050000|10|0|3,000
55,72240035|38,35277270|65,916000|2017-11-06 10:40:51|1509954051000|9|0|3,000
55,72239995|38,35305816|65,627998|2017-11-06 10:40:52|1509954052000|8|0|3,000
55,72240192|38,35335247|67,320000|2017-11-06 10:40:53|1509954053000|9|0|3,000
55,72240413|38,35365166|68,867996|2017-11-06 10:40:54|1509954054000|8|0|3,000
55,72239875|38,35395632|69,479996|2017-11-06 10:40:55|1509954055000|9|0|3,000
55,72237708|38,35426041|69,084000|2017-11-06 10:40:56|1509954056000|10|0|3,000
55,72237352|38,35454870|67,176003|2017-11-06 10:40:57|1509954057000|10|0|4,000
55,72237668|38,35484768|65,412003|2017-11-06 10:40:58|1509954058000|8|0|4,000
55,72236781|38,35512993|63,755997|2017-11-06 10:40:59|1509954059000|8|0|4,000
55,72236262|38,35540034|62,136002|2017-11-06 10:41:00|1509954060000|9|0|4,000
55,72235878|38,35568118|61,560001|2017-11-06 10:41:01|1509954061000|9|0|3,000
55,72236658|38,35594174|61,632004|2017-11-06 10:41:02|1509954062000|9|0|3,000
55,72237755|38,35622079|61,632004|2017-11-06 10:41:03|1509954063000|10|0|3,000
55,72240089|38,35648980|61,487999|2017-11-06 10:41:04|1509954064000|9|0|3,000
55,72243200|38,35675762|60,911999|2017-11-06 10:41:05|1509954065000|12|0|3,000
55,72246804|38,35703451|62,063999|2017-11-06 10:41:06|1509954066000|10|0|3,000
55,72248780|38,35729555|61,560001|2017-11-06 10:41:07|1509954067000|10|0|3,000
55,72250293|38,35756169|62,964001|2017-11-06 10:41:08|1509954068000|10|0|3,000
55,72250979|38,35785676|66,059998|2017-11-06 10:41:09|1509954069000|10|0|3,000
55,72250462|38,35815492|66,384003|2017-11-06 10:41:10|1509954070000|11|0|3,000
55,72250116|38,35845616|67,248001|2017-11-06 10:41:11|1509954071000|10|0|3,000
55,72248899|38,35875840|68,400002|2017-11-06 10:41:12|1509954072000|10|0|3,000
55,72246627|38,35905276|68,832001|2017-11-06 10:41:13|1509954073000|10|0|3,000
55,72245617|38,35936102|69,120003|2017-11-06 10:41:14|1509954074000|10|0|3,000
55,72245392|38,35966271|69,264000|2017-11-06 10:41:15|1509954075000|9|0|3,000
55,72244458|38,35996001|67,823997|2017-11-06 10:41:16|1509954076000|9|0|3,000
55,72243436|38,36026097|66,132004|2017-11-06 10:41:17|1509954077000|9|0|3,000
55,72242309|38,36054246|63,324001|2017-11-06 10:41:18|1509954078000|8|0|3,000
55,72241095|38,36081722|63,251999|2017-11-06 10:41:19|1509954079000|10|0|3,000
55,72240010|38,36109786|63,503998|2017-11-06 10:41:20|1509954080000|11|0|3,000
55,72239525|38,36136718|63,467999|2017-11-06 10:41:21|1509954081000|10|0|3,000
55,72238128|38,36164888|64,979996|2017-11-06 10:41:22|1509954082000|10|0|3,000
55,72238354|38,36194121|65,052002|2017-11-06 10:41:23|1509954083000|10|0|3,000
55,72237021|38,36223647|64,979996|2017-11-06 10:41:24|1509954084000|10|0|3,000
55,72236727|38,36251405|63,539997|2017-11-06 10:41:25|1509954085000|11|0|3,000
55,72235594|38,36278495|60,984001|2017-11-06 10:41:26|1509954086000|9|0|3,000
55,72234402|38,36304646|60,875999|2017-11-06 10:41:27|1509954087000|9|0|3,000
55,72234125|38,36330979|61,812000|2017-11-06 10:41:28|1509954088000|9|0|3,000
55,72233868|38,36357646|63,035999|2017-11-06 10:41:29|1509954089000|10|0|3,000
55,72232907|38,36385503|63,576000|2017-11-06 10:41:30|1509954090000|9|0|3,000
55,72232773|38,36414734|65,015999|2017-11-06 10:41:31|1509954091000|10|0|3,000
55,72231923|38,36443478|63,684002|2017-11-06 10:41:32|1509954092000|10|0|3,000
55,72230997|38,36470549|62,460003|2017-11-06 10:41:33|1509954093000|10|0|3,000
55,72229973|38,36497597|60,911999|2017-11-06 10:41:34|1509954094000|11|0|3,000
55,72229240|38,36524497|60,911999|2017-11-06 10:41:35|1509954095000|11|0|4,000
55,72227401|38,36549858|60,191998|2017-11-06 10:41:36|1509954096000|10|0|3,000
55,72227696|38,36577851|61,020004|2017-11-06 10:41:37|1509954097000|11|0|3,000
55,72226763|38,36605236|63,287998|2017-11-06 10:41:38|1509954098000|11|0|3,000
55,72225824|38,36634126|64,979996|2017-11-06 10:41:39|1509954099000|11|0|3,000
55,72224774|38,36663505|64,655998|2017-11-06 10:41:40|1509954100000|10|0|3,000
55,72223670|38,36693256|62,784000|2017-11-06 10:41:41|1509954101000|10|0|3,000
55,72223246|38,36720328|61,344002|2017-11-06 10:41:42|1509954102000|12|0|3,000
55,72222069|38,36746839|59,508003|2017-11-06 10:41:43|1509954103000|9|0|3,000
55,72221329|38,36772095|57,024002|2017-11-06 10:41:44|1509954104000|12|0|3,000
55,72219683|38,36796678|57,132000|2017-11-06 10:41:45|1509954105000|11|0|3,000
55,72217855|38,36821931|56,448002|2017-11-06 10:41:46|1509954106000|11|0|3,000
55,72216879|38,36847699|57,204002|2017-11-06 10:41:47|1509954107000|12|0|3,000
55,72216322|38,36873295|58,535999|2017-11-06 10:41:48|1509954108000|10|0|3,000
55,72215791|38,36899507|60,515999|2017-11-06 10:41:49|1509954109000|11|0|3,000
55,72214818|38,36926239|61,991997|2017-11-06 10:41:50|1509954110000|11|0|3,000
55,72213672|38,36954042|62,891998|2017-11-06 10:41:51|1509954111000|12|0|3,000
55,72212315|38,36982143|61,415997|2017-11-06 10:41:52|1509954112000|11|0|3,000
55,72211635|38,37008614|61,415997|2017-11-06 10:41:53|1509954113000|11|0|3,000
55,72210856|38,37034778|58,644005|2017-11-06 10:41:54|1509954114000|11|0|3,000
55,72210042|38,37060484|58,932003|2017-11-06 10:41:55|1509954115000|10|0|3,000
55,72208942|38,37088163|61,379997|2017-11-06 10:41:56|1509954116000|8|0|3,000
55,72207176|38,37115480|62,855995|2017-11-06 10:41:57|1509954117000|11|0|3,000
55,72205889|38,37142538|64,188004|2017-11-06 10:41:58|1509954118000|11|0|3,000
55,72204233|38,37170640|63,251999|2017-11-06 10:41:59|1509954119000|11|0|3,000
55,72202750|38,37198417|62,496002|2017-11-06 10:42:00|1509954120000|10|0|3,000
55,72201587|38,37226241|62,639999|2017-11-06 10:42:01|1509954121000|11|0|3,000
55,72200340|38,37253133|60,264000|2017-11-06 10:42:02|1509954122000|10|0|3,000
55,72198653|38,37278062|56,807999|2017-11-06 10:42:03|1509954123000|11|0|3,000
55,72197329|38,37302430|54,324001|2017-11-06 10:42:04|1509954124000|10|0|4,000
55,72195328|38,37326057|49,535999|2017-11-06 10:42:05|1509954125000|12|0|3,000
55,72194587|38,37345451|44,855999|2017-11-06 10:42:06|1509954126000|8|0|3,000
55,72192847|38,37364712|40,500000|2017-11-06 10:42:07|1509954127000|11|0|3,000
55,72192180|38,37381251|34,452000|2017-11-06 10:42:08|1509954128000|9|0|3,000
55,72191389|38,37393791|27,468000|2017-11-06 10:42:09|1509954129000|11|0|3,000
55,72191467|38,37405053|23,363998|2017-11-06 10:42:10|1509954130000|9|0|4,000
55,72190105|38,37413127|20,519999|2017-11-06 10:42:11|1509954131000|11|0|3,000
55,72187838|38,37421086|19,548000|2017-11-06 10:42:12|1509954132000|10|0|3,000
55,72185694|38,37427912|18,504000|2017-11-06 10:42:13|1509954133000|8|0|3,000
55,72182225|38,37432555|18,000000|2017-11-06 10:42:14|1509954134000|10|0|3,000
55,72175200|38,37434488|17,496000|2017-11-06 10:42:15|1509954135000|7|0|3,000
55,72170242|38,37433898|23,327999|2017-11-06 10:42:16|1509954136000|11|0|3,000
55,72164912|38,37430950|24,336000|2017-11-06 10:42:17|1509954137000|10|0|3,000
55,72158236|38,37429624|24,948000|2017-11-06 10:42:18|1509954138000|8|0|3,000
55,72151761|38,37428290|23,472000|2017-11-06 10:42:19|1509954139000|8|0|4,000
55,72146258|38,37427850|23,292000|2017-11-06 10:42:20|1509954140000|9|0|4,000
55,72140951|38,37426342|19,764000|2017-11-06 10:42:21|1509954141000|9|0|4,000
55,72136169|38,37425643|19,080000|2017-11-06 10:42:22|1509954142000|9|0|4,000
55,72131975|38,37423090|18,143999|2017-11-06 10:42:23|1509954143000|10|0|3,000
55,72126471|38,37422132|17,712000|2017-11-06 10:42:24|1509954144000|11|0|3,000
55,72122188|38,37422038|15,372000|2017-11-06 10:42:25|1509954145000|11|0|4,000
55,72118391|38,37420997|15,372000|2017-11-06 10:42:26|1509954146000|11|0|5,000
55,72113291|38,37422373|15,624001|2017-11-06 10:42:27|1509954147000|9|0|4,000
55,72108645|38,37422676|16,884001|2017-11-06 10:42:28|1509954148000|10|0|4,000
55,72104586|38,37421249|18,252001|2017-11-06 10:42:29|1509954149000|8|0|5,000
55,72099701|38,37419572|16,164000|2017-11-06 10:42:30|1509954150000|9|0|4,000
55,72095996|38,37417174|12,888000|2017-11-06 10:42:31|1509954151000|8|0|4,000
55,72092712|38,37414900|12,780000|2017-11-06 10:42:32|1509954152000|9|0|4,000
55,72089839|38,37416453|12,276000|2017-11-06 10:42:33|1509954153000|9|0|4,000
55,72087581|38,37413742|10,908000|2017-11-06 10:42:34|1509954154000|10|0|4,000
55,72084617|38,37412824|11,592000|2017-11-06 10:42:35|1509954155000|9|0|4,000
55,72081488|38,37411316|12,528000|2017-11-06 10:42:36|1509954156000|8|0|4,000
55,72079435|38,37410200|9,072000|2017-11-06 10:42:37|1509954157000|9|0|4,000
55,72077834|38,37408798|7,559999|2017-11-06 10:42:38|1509954158000|9|0|4,000
55,72076358|38,37408845|5,760000|2017-11-06 10:42:39|1509954159000|9|0|4,000
55,72074944|38,37408003|1,944000|2017-11-06 10:42:40|1509954160000|9|0|4,000
55,72073984|38,37406224|0,000000|2017-11-06 10:42:41|1509954161000|9|0|4,000
55,72073413|38,37405841|0,000000|2017-11-06 10:42:42|1509954162000|9|0|4,000
55,72073618|38,37404709|0,000000|2017-11-06 10:42:43|1509954163000|9|0|4,000
55,72072650|38,37403860|0,000000|2017-11-06 10:42:44|1509954164000|9|0|4,000
55,72072337|38,37404307|0,000000|2017-11-06 10:42:45|1509954165000|9|0|4,000
55,72072142|38,37404299|0,000000|2017-11-06 10:42:46|1509954166000|9|0|4,000
55,72071937|38,37403971|0,000000|2017-11-06 10:42:47|1509954167000|9|0|4,000
55,72071903|38,37403989|0,000000|2017-11-06 10:42:48|1509954168000|9|0|4,000
55,72071955|38,37403773|0,000000|2017-11-06 10:42:49|1509954169000|9|0|4,000
55,72071745|38,37403586|0,000000|2017-11-06 10:42:50|1509954170000|9|0|4,000
55,72071865|38,37403617|0,000000|2017-11-06 10:42:51|1509954171000|9|0|4,000
55,72071888|38,37403652|0,000000|2017-11-06 10:42:52|1509954172000|8|0|4,000
55,72071909|38,37403683|0,000000|2017-11-06 10:42:53|1509954173000|9|0|3,000
55,72071934|38,37403743|0,000000|2017-11-06 10:42:54|1509954174000|8|0|4,000
55,72071941|38,37403761|0,000000|2017-11-06 10:42:55|1509954175000|8|0|4,000
55,72071944|38,37403769|0,000000|2017-11-06 10:42:56|1509954176000|8|0|4,000
55,72071944|38,37403777|0,000000|2017-11-06 10:42:57|1509954177000|9|0|4,000
55,72071947|38,37403789|0,000000|2017-11-06 10:42:58|1509954178000|9|0|4,000
55,72071949|38,37403788|0,000000|2017-11-06 10:42:59|1509954179000|8|0|4,000
55,72071954|38,37403796|0,000000|2017-11-06 10:43:00|1509954180000|8|0|4,000
55,72071955|38,37403797|0,000000|2017-11-06 10:43:01|1509954181000|8|0|4,000
55,72071953|38,37403797|0,000000|2017-11-06 10:43:02|1509954182000|9|0|4,000
55,72071954|38,37403798|0,000000|2017-11-06 10:43:03|1509954183000|9|0|3,000
55,72071958|38,37403800|0,000000|2017-11-06 10:43:04|1509954184000|9|0|3,000
55,72071957|38,37403795|0,000000|2017-11-06 10:43:05|1509954185000|8|0|4,000
55,72071961|38,37403801|0,000000|2017-11-06 10:43:06|1509954186000|9|0|4,000
55,72071963|38,37403804|0,000000|2017-11-06 10:43:07|1509954187000|9|0|4,000
55,72071965|38,37403802|0,000000|2017-11-06 10:43:08|1509954188000|9|0|4,000
55,72071965|38,37403799|0,000000|2017-11-06 10:43:09|1509954189000|9|0|4,000
55,72071966|38,37403796|0,000000|2017-11-06 10:43:10|1509954190000|8|0|4,000
55,72071968|38,37403803|0,000000|2017-11-06 10:43:11|1509954191000|9|0|4,000
55,72071967|38,37403796|0,000000|2017-11-06 10:43:12|1509954192000|8|0|4,000
55,72071967|38,37403797|0,000000|2017-11-06 10:43:13|1509954193000|9|0|3,000
55,72071966|38,37403796|0,000000|2017-11-06 10:43:14|1509954194000|9|0|3,000
55,72071966|38,37403795|0,000000|2017-11-06 10:43:15|1509954195000|8|0|3,000
55,72071969|38,37403792|0,000000|2017-11-06 10:43:16|1509954196000|9|0|3,000
55,72071988|38,37403805|0,000000|2017-11-06 10:43:17|1509954197000|9|0|4,000
55,72071988|38,37403798|0,000000|2017-11-06 10:43:18|1509954198000|9|0|3,000
55,72071990|38,37403800|0,000000|2017-11-06 10:43:19|1509954199000|9|0|3,000
55,72071995|38,37403808|0,000000|2017-11-06 10:43:20|1509954200000|9|0|4,000
55,72071997|38,37403810|0,000000|2017-11-06 10:43:21|1509954201000|9|0|4,000
55,72072002|38,37403814|0,000000|2017-11-06 10:43:22|1509954202000|9|0|3,000
55,72072001|38,37403809|0,000000|2017-11-06 10:43:23|1509954203000|9|0|3,000
55,72072002|38,37403815|0,000000|2017-11-06 10:43:24|1509954204000|9|0|3,000
55,72071991|38,37403808|0,000000|2017-11-06 10:43:25|1509954205000|9|0|3,000
55,72071983|38,37403805|0,000000|2017-11-06 10:43:26|1509954206000|9|0|3,000
55,72071968|38,37403800|0,000000|2017-11-06 10:43:27|1509954207000|9|0|4,000
55,72071955|38,37403799|0,000000|2017-11-06 10:43:28|1509954208000|9|0|4,000
55,72071951|38,37403794|0,000000|2017-11-06 10:43:29|1509954209000|9|0|4,000
55,72071955|38,37403796|0,000000|2017-11-06 10:43:30|1509954210000|9|0|3,000
55,72071952|38,37403794|0,000000|2017-11-06 10:43:31|1509954211000|9|0|3,000
55,72071952|38,37403797|0,000000|2017-11-06 10:43:32|1509954212000|9|0|3,000
55,72071954|38,37403802|0,000000|2017-11-06 10:43:33|1509954213000|9|0|3,000
55,72071953|38,37403800|0,000000|2017-11-06 10:43:34|1509954214000|9|0|3,000
55,72071954|38,37403802|0,000000|2017-11-06 10:43:35|1509954215000|9|0|3,000
55,72071956|38,37403805|0,000000|2017-11-06 10:43:36|1509954216000|9|0|3,000
55,72071956|38,37403806|0,000000|2017-11-06 10:43:37|1509954217000|8|0|3,000
55,72071957|38,37403806|0,000000|2017-11-06 10:43:38|1509954218000|8|0|3,000
55,72071959|38,37403808|0,000000|2017-11-06 10:43:39|1509954219000|9|0|3,000
55,72071960|38,37403808|0,000000|2017-11-06 10:43:40|1509954220000|8|0|3,000
55,72071962|38,37403806|0,000000|2017-11-06 10:43:41|1509954221000|8|0|3,000
55,72071967|38,37403812|0,000000|2017-11-06 10:43:42|1509954222000|8|0|3,000
55,72071973|38,37403818|0,000000|2017-11-06 10:43:43|1509954223000|8|0|3,000
55,72071977|38,37403821|0,000000|2017-11-06 10:43:44|1509954224000|9|0|4,000
55,72071981|38,37403824|0,000000|2017-11-06 10:43:45|1509954225000|9|0|4,000
55,72071983|38,37403822|0,000000|2017-11-06 10:43:46|1509954226000|8|0|3,000
55,72071985|38,37403828|0,000000|2017-11-06 10:43:47|1509954227000|9|0|3,000
55,72071989|38,37403827|0,000000|2017-11-06 10:43:48|1509954228000|8|0|3,000
55,72071989|38,37403829|0,000000|2017-11-06 10:43:49|1509954229000|9|0|3,000
55,72071992|38,37403834|0,000000|2017-11-06 10:43:50|1509954230000|8|0|3,000
55,72071992|38,37403838|0,000000|2017-11-06 10:43:51|1509954231000|9|0|3,000
55,72071991|38,37403839|0,000000|2017-11-06 10:43:52|1509954232000|9|0|3,000
55,72071997|38,37403839|0,000000|2017-11-06 10:43:53|1509954233000|8|0|3,000
55,72071998|38,37403847|0,000000|2017-11-06 10:43:54|1509954234000|8|0|3,000
55,72071999|38,37403847|0,000000|2017-11-06 10:43:55|1509954235000|9|0|3,000
55,72072000|38,37403851|0,000000|2017-11-06 10:43:56|1509954236000|8|0|3,000
55,72072003|38,37403852|0,000000|2017-11-06 10:43:57|1509954237000|8|0|3,000
55,72072012|38,37403852|0,000000|2017-11-06 10:43:58|1509954238000|8|0|3,000
55,72072015|38,37403855|0,000000|2017-11-06 10:43:59|1509954239000|8|0|3,000
55,72072019|38,37403855|0,000000|2017-11-06 10:44:00|1509954240000|8|0|3,000
55,72072023|38,37403860|0,000000|2017-11-06 10:44:01|1509954241000|8|0|3,000
55,72072026|38,37403860|0,000000|2017-11-06 10:44:02|1509954242000|8|0|3,000
55,72072031|38,37403862|0,000000|2017-11-06 10:44:03|1509954243000|8|0|3,000
55,72072030|38,37403858|0,000000|2017-11-06 10:44:04|1509954244000|8|0|3,000
55,72072030|38,37403861|0,000000|2017-11-06 10:44:05|1509954245000|9|0|3,000
55,72072032|38,37403862|0,000000|2017-11-06 10:44:06|1509954246000|8|0|3,000
55,72072032|38,37403859|0,000000|2017-11-06 10:44:07|1509954247000|8|0|3,000
55,72072033|38,37403856|0,000000|2017-11-06 10:44:08|1509954248000|7|0|3,000
55,72072030|38,37403857|0,000000|2017-11-06 10:44:09|1509954249000|8|0|3,000
55,72072031|38,37403858|0,000000|2017-11-06 10:44:10|1509954250000|8|0|3,000
55,72072036|38,37403864|0,000000|2017-11-06 10:44:11|1509954251000|7|0|4,000
55,72072041|38,37403874|0,000000|2017-11-06 10:44:12|1509954252000|8|0|4,000
55,72072044|38,37403877|0,000000|2017-11-06 10:44:13|1509954253000|9|0|4,000
55,72072046|38,37403880|0,000000|2017-11-06 10:44:14|1509954254000|8|0|4,000
55,72072045|38,37403886|0,000000|2017-11-06 10:44:15|1509954255000|9|0|4,000
55,72072045|38,37403883|0,000000|2017-11-06 10:44:16|1509954256000|8|0|4,000
55,72072047|38,37403884|0,000000|2017-11-06 10:44:17|1509954257000|8|0|4,000
55,72072050|38,37403888|0,000000|2017-11-06 10:44:18|1509954258000|8|0|4,000
55,72072052|38,37403892|0,000000|2017-11-06 10:44:19|1509954259000|7|0|4,000
55,72072053|38,37403898|0,000000|2017-11-06 10:44:20|1509954260000|9|0|4,000
55,72072055|38,37403904|0,000000|2017-11-06 10:44:21|1509954261000|7|0|4,000
55,72072053|38,37403904|0,000000|2017-11-06 10:44:22|1509954262000|9|0|5,000
55,72072051|38,37403903|0,000000|2017-11-06 10:44:23|1509954263000|9|0|5,000
55,72072033|38,37403892|0,000000|2017-11-06 10:44:24|1509954264000|8|0|5,000
55,72072027|38,37403893|0,000000|2017-11-06 10:44:25|1509954265000|9|0|6,000
55,72072027|38,37403892|0,000000|2017-11-06 10:44:26|1509954266000|9|0|5,000
55,72072016|38,37403886|0,000000|2017-11-06 10:44:27|1509954267000|9|0|5,000
55,72072014|38,37403887|0,000000|2017-11-06 10:44:28|1509954268000|8|0|5,000
55,72072008|38,37403889|0,000000|2017-11-06 10:44:29|1509954269000|8|0|5,000
55,72071999|38,37403883|0,000000|2017-11-06 10:44:30|1509954270000|8|0|6,000
55,72071995|38,37403881|0,000000|2017-11-06 10:44:31|1509954271000|8|0|5,000
55,72071993|38,37403884|0,000000|2017-11-06 10:44:32|1509954272000|8|0|5,000
55,72071995|38,37403884|0,000000|2017-11-06 10:44:33|1509954273000|8|0|5,000
55,72071999|38,37403894|0,000000|2017-11-06 10:44:34|1509954274000|8|0|5,000
55,72072001|38,37403899|0,000000|2017-11-06 10:44:35|1509954275000|8|0|5,000
55,72071994|38,37403900|0,000000|2017-11-06 10:44:36|1509954276000|8|0|6,000
55,72071979|38,37403900|0,000000|2017-11-06 10:44:37|1509954277000|9|0|6,000
55,72071979|38,37403907|0,000000|2017-11-06 10:44:38|1509954278000|8|0|5,000
55,72071971|38,37403911|0,000000|2017-11-06 10:44:39|1509954279000|8|0|5,000
55,72071962|38,37403917|0,000000|2017-11-06 10:44:40|1509954280000|8|0|5,000
55,72071966|38,37403923|0,000000|2017-11-06 10:44:41|1509954281000|8|0|5,000
55,72071958|38,37403923|0,000000|2017-11-06 10:44:42|1509954282000|8|0|5,000
55,72071951|38,37403929|0,000000|2017-11-06 10:44:43|1509954283000|8|0|5,000
55,72071950|38,37403929|0,000000|2017-11-06 10:44:44|1509954284000|8|0|5,000
55,72071945|38,37403927|0,000000|2017-11-06 10:44:45|1509954285000|8|0|5,000
55,72071944|38,37403931|0,000000|2017-11-06 10:44:46|1509954286000|8|0|5,000
55,72071941|38,37403930|0,000000|2017-11-06 10:44:47|1509954287000|8|0|5,000
55,72071944|38,37403932|0,000000|2017-11-06 10:44:48|1509954288000|8|0|5,000
55,72071960|38,37403940|0,000000|2017-11-06 10:44:49|1509954289000|8|0|5,000
55,72071962|38,37403939|0,000000|2017-11-06 10:44:50|1509954290000|8|0|5,000
55,72071964|38,37403944|0,000000|2017-11-06 10:44:51|1509954291000|8|0|4,000
55,72071975|38,37403948|0,000000|2017-11-06 10:44:52|1509954292000|8|0|4,000
55,72071988|38,37403952|0,000000|2017-11-06 10:44:53|1509954293000|8|0|4,000
55,72071998|38,37403960|0,000000|2017-11-06 10:44:54|1509954294000|8|0|4,000
55,72072010|38,37403964|0,000000|2017-11-06 10:44:55|1509954295000|8|0|4,000
55,72072008|38,37403962|0,000000|2017-11-06 10:44:56|1509954296000|8|0|4,000
55,72072014|38,37403966|0,000000|2017-11-06 10:44:57|1509954297000|8|0|4,000
55,72072026|38,37403974|0,000000|2017-11-06 10:44:58|1509954298000|8|0|4,000
55,72072029|38,37403973|0,000000|2017-11-06 10:44:59|1509954299000|8|0|4,000
55,72072030|38,37403973|0,000000|2017-11-06 10:45:00|1509954300000|8|0|4,000
55,72072038|38,37403980|0,000000|2017-11-06 10:45:01|1509954301000|8|0|4,000
55,72072037|38,37403981|0,000000|2017-11-06 10:45:02|1509954302000|8|0|4,000
55,72072038|38,37403985|0,000000|2017-11-06 10:45:03|1509954303000|8|0|4,000
55,72072033|38,37403984|0,000000|2017-11-06 10:45:04|1509954304000|8|0|4,000
55,72072030|38,37403984|0,000000|2017-11-06 10:45:05|1509954305000|8|0|4,000
55,72072032|38,37403980|0,000000|2017-11-06 10:45:06|1509954306000|8|0|4,000
55,72072031|38,37403979|0,000000|2017-11-06 10:45:07|1509954307000|8|0|5,000
55,72072030|38,37403975|0,000000|2017-11-06 10:45:08|1509954308000|8|0|5,000
55,72072031|38,37403978|0,000000|2017-11-06 10:45:09|1509954309000|8|0|6,000
55,72072031|38,37403981|0,000000|2017-11-06 10:45:10|1509954310000|8|0|5,000
55,72072029|38,37403979|0,000000|2017-11-06 10:45:11|1509954311000|8|0|5,000
55,72072032|38,37403975|0,000000|2017-11-06 10:45:12|1509954312000|8|0|5,000
55,72072039|38,37403972|0,000000|2017-11-06 10:45:13|1509954313000|8|0|5,000
55,72072031|38,37403970|0,000000|2017-11-06 10:45:14|1509954314000|8|0|4,000
55,72072029|38,37403962|0,000000|2017-11-06 10:45:15|1509954315000|8|0|5,000
55,72072019|38,37403955|0,000000|2017-11-06 10:45:16|1509954316000|8|0|5,000
55,72072017|38,37403958|0,000000|2017-11-06 10:45:17|1509954317000|8|0|5,000
55,72072009|38,37403958|0,000000|2017-11-06 10:45:18|1509954318000|8|0|4,000
55,72072008|38,37403957|0,000000|2017-11-06 10:45:19|1509954319000|8|0|4,000
55,72072009|38,37403959|0,000000|2017-11-06 10:45:20|1509954320000|8|0|4,000
55,72072004|38,37403956|0,000000|2017-11-06 10:45:21|1509954321000|8|0|4,000
55,72072002|38,37403956|0,000000|2017-11-06 10:45:22|1509954322000|8|0|5,000
55,72072000|38,37403959|0,000000|2017-11-06 10:45:23|1509954323000|8|0|5,000
55,72071997|38,37403955|0,000000|2017-11-06 10:45:24|1509954324000|8|0|6,000
55,72071994|38,37403953|0,000000|2017-11-06 10:45:25|1509954325000|8|0|6,000
55,72071996|38,37403949|0,000000|2017-11-06 10:45:26|1509954326000|8|0|6,000
55,72072001|38,37403950|0,000000|2017-11-06 10:45:27|1509954327000|8|0|6,000
55,72072002|38,37403946|0,000000|2017-11-06 10:45:28|1509954328000|9|0|6,000
55,72071986|38,37403936|0,000000|2017-11-06 10:45:29|1509954329000|8|0|7,000
55,72071985|38,37403935|0,000000|2017-11-06 10:45:30|1509954330000|9|0|6,000
55,72071981|38,37403931|0,000000|2017-11-06 10:45:31|1509954331000|9|0|5,000
55,72071986|38,37403930|0,000000|2017-11-06 10:45:32|1509954332000|8|0|5,000
55,72071977|38,37403925|0,000000|2017-11-06 10:45:33|1509954333000|9|0|4,000
55,72071963|38,37403912|0,000000|2017-11-06 10:45:34|1509954334000|8|0|5,000
55,72071957|38,37403907|0,000000|2017-11-06 10:45:35|1509954335000|8|0|4,000
55,72071955|38,37403900|0,000000|2017-11-06 10:45:36|1509954336000|9|0|5,000
55,72071947|38,37403893|0,000000|2017-11-06 10:45:37|1509954337000|8|0|4,000
55,72071935|38,37403887|0,000000|2017-11-06 10:45:38|1509954338000|8|0|4,000
55,72071921|38,37403878|0,000000|2017-11-06 10:45:39|1509954339000|8|0|4,000
55,72071910|38,37403870|0,000000|2017-11-06 10:45:40|1509954340000|8|0|4,000
55,72071895|38,37403859|0,000000|2017-11-06 10:45:41|1509954341000|7|0|4,000
55,72071881|38,37403844|0,000000|2017-11-06 10:45:42|1509954342000|7|0|4,000
55,72071867|38,37403829|0,000000|2017-11-06 10:45:43|1509954343000|7|0|4,000
55,72071859|38,37403820|0,000000|2017-11-06 10:45:44|1509954344000|7|0|4,000
55,72071838|38,37403805|0,000000|2017-11-06 10:45:45|1509954345000|7|0|4,000
55,72071830|38,37403792|0,000000|2017-11-06 10:45:46|1509954346000|7|0|5,000
55,72071827|38,37403783|0,000000|2017-11-06 10:45:47|1509954347000|7|0|4,000
55,72071825|38,37403776|0,000000|2017-11-06 10:45:48|1509954348000|7|0|4,000
55,72071822|38,37403765|0,000000|2017-11-06 10:45:49|1509954349000|7|0|4,000
55,72071822|38,37403759|0,000000|2017-11-06 10:45:50|1509954350000|7|0|4,000
55,72071825|38,37403757|0,000000|2017-11-06 10:45:51|1509954351000|7|0|4,000
55,72071828|38,37403752|0,000000|2017-11-06 10:45:52|1509954352000|7|0|4,000
55,72071831|38,37403750|0,000000|2017-11-06 10:45:53|1509954353000|7|0|4,000
55,72071824|38,37403750|0,000000|2017-11-06 10:45:54|1509954354000|7|0|4,000
55,72071821|38,37403750|0,000000|2017-11-06 10:45:55|1509954355000|7|0|4,000
55,72071664|38,37403693|4,680000|2017-11-06 10:45:56|1509954356000|8|0|4,000
55,72070160|38,37403576|6,984000|2017-11-06 10:45:57|1509954357000|8|0|4,000
55,72066013|38,37401255|13,896000|2017-11-06 10:45:58|1509954358000|7|0|4,000
55,72062739|38,37399217|14,400000|2017-11-06 10:45:59|1509954359000|7|0|4,000
55,72059247|38,37397666|14,400000|2017-11-06 10:46:00|1509954360000|7|0|4,000
55,72055754|38,37396114|14,400000|2017-11-06 10:46:01|1509954361000|7|0|5,000
55,72055244|38,37392896|11,736000|2017-11-06 10:46:02|1509954362000|7|0|5,000
55,72052423|38,37391843|12,708000|2017-11-06 10:46:03|1509954363000|9|0|4,000
55,72049267|38,37393526|10,332000|2017-11-06 10:46:04|1509954364000|9|0|3,000
55,72045973|38,37392501|10,836000|2017-11-06 10:46:05|1509954365000|7|0|3,000
55,72043204|38,37392180|12,888000|2017-11-06 10:46:06|1509954366000|7|0|3,000
55,72039476|38,37391355|13,032000|2017-11-06 10:46:07|1509954367000|8|0|3,000
55,72036177|38,37390668|13,176001|2017-11-06 10:46:08|1509954368000|8|0|3,000
55,72032681|38,37392071|13,896000|2017-11-06 10:46:09|1509954369000|7|0|3,000
55,72027953|38,37391209|17,388000|2017-11-06 10:46:10|1509954370000|7|0|3,000
55,72022992|38,37390582|20,700001|2017-11-06 10:46:11|1509954371000|7|0|3,000
55,72017482|38,37389946|22,032000|2017-11-06 10:46:12|1509954372000|7|0|3,000
55,72012201|38,37390270|23,472000|2017-11-06 10:46:13|1509954373000|7|0|3,000
55,72006605|38,37390735|23,976000|2017-11-06 10:46:14|1509954374000|7|0|3,000
55,72000443|38,37391076|24,444000|2017-11-06 10:46:15|1509954375000|9|0|3,000
55,71993910|38,37391782|26,172001|2017-11-06 10:46:16|1509954376000|8|0|3,000
55,71987675|38,37393030|27,612000|2017-11-06 10:46:17|1509954377000|7|0|3,000
55,71980861|38,37395183|27,324001|2017-11-06 10:46:18|1509954378000|7|0|3,000
55,71974570|38,37398672|24,803999|2017-11-06 10:46:19|1509954379000|8|0|3,000
55,71968749|38,37402212|24,696001|2017-11-06 10:46:20|1509954380000|8|0|3,000
55,71962645|38,37404755|24,264000|2017-11-06 10:46:21|1509954381000|8|0|3,000
55,71956676|38,37407147|24,156000|2017-11-06 10:46:22|1509954382000|8|0|3,000
55,71950931|38,37409057|24,875999|2017-11-06 10:46:23|1509954383000|8|0|3,000
55,71945101|38,37412207|24,875999|2017-11-06 10:46:24|1509954384000|9|0|3,000
55,71939319|38,37415470|25,740000|2017-11-06 10:46:25|1509954385000|9|0|3,000
55,71933039|38,37418226|26,280001|2017-11-06 10:46:26|1509954386000|8|0|3,000
55,71926222|38,37420610|26,604000|2017-11-06 10:46:27|1509954387000|7|0|3,000
55,71918772|38,37426046|27,324001|2017-11-06 10:46:28|1509954388000|9|0|3,000
55,71912017|38,37428911|28,224001|2017-11-06 10:46:29|1509954389000|8|0|3,000
55,71905270|38,37431657|28,080000|2017-11-06 10:46:30|1509954390000|10|0|3,000
55,71898358|38,37434143|28,907999|2017-11-06 10:46:31|1509954391000|9|0|4,000
55,71891437|38,37438848|31,392000|2017-11-06 10:46:32|1509954392000|10|0|3,000
55,71883206|38,37442055|30,420000|2017-11-06 10:46:33|1509954393000|10|0|3,000
55,71876890|38,37443291|30,636002|2017-11-06 10:46:34|1509954394000|9|0|3,000
55,71870006|38,37445097|28,584000|2017-11-06 10:46:35|1509954395000|8|0|3,000
55,71862722|38,37448444|28,296001|2017-11-06 10:46:36|1509954396000|9|0|3,000
55,71856071|38,37451111|28,872002|2017-11-06 10:46:37|1509954397000|9|0|3,000
55,71849239|38,37453698|28,656000|2017-11-06 10:46:38|1509954398000|9|0|3,000
55,71842735|38,37455904|28,512001|2017-11-06 10:46:39|1509954399000|8|0|3,000
55,71835865|38,37459242|28,296001|2017-11-06 10:46:40|1509954400000|8|0|4,000
55,71829059|38,37462029|27,756001|2017-11-06 10:46:41|1509954401000|8|0|4,000
55,71822220|38,37465408|27,719999|2017-11-06 10:46:42|1509954402000|8|0|4,000
55,71815324|38,37468144|28,115999|2017-11-06 10:46:43|1509954403000|7|0|4,000
55,71808479|38,37470885|28,115999|2017-11-06 10:46:44|1509954404000|7|0|4,000
55,71801678|38,37475619|28,584000|2017-11-06 10:46:45|1509954405000|8|0|3,000
55,71792579|38,37481364|32,363998|2017-11-06 10:46:46|1509954406000|6|0|3,000
55,71784615|38,37488122|35,460003|2017-11-06 10:46:47|1509954407000|5|0|3,000
55,71776642|38,37494930|35,460003|2017-11-06 10:46:48|1509954408000|5|0|4,000
55,71768685|38,37501497|35,063999|2017-11-06 10:46:49|1509954409000|5|0|3,000
55,71760668|38,37507733|35,063999|2017-11-06 10:46:50|1509954410000|5|0|4,000
55,71752654|38,37511863|32,543999|2017-11-06 10:46:51|1509954411000|9|0|3,000
55,71745249|38,37515610|32,760002|2017-11-06 10:46:52|1509954412000|7|0|4,000
55,71737658|38,37521575|33,983997|2017-11-06 10:46:53|1509954413000|7|0|3,000
55,71729675|38,37526651|33,983997|2017-11-06 10:46:54|1509954414000|7|0|4,000
55,71722172|38,37535530|34,344002|2017-11-06 10:46:55|1509954415000|9|0|4,000
55,71714464|38,37542191|34,344002|2017-11-06 10:46:56|1509954416000|9|0|6,000
55,71708113|38,37547845|32,292000|2017-11-06 10:46:57|1509954417000|7|0|4,000
55,71700958|38,37553195|31,068001|2017-11-06 10:46:58|1509954418000|7|0|3,000
55,71693568|38,37558602|29,448002|2017-11-06 10:46:59|1509954419000|8|0|3,000
55,71687359|38,37563958|28,260000|2017-11-06 10:47:00|1509954420000|7|0|3,000
55,71681252|38,37569272|28,115999|2017-11-06 10:47:01|1509954421000|7|0|3,000
55,71674768|38,37573941|25,955999|2017-11-06 10:47:02|1509954422000|6|0|3,000
55,71668980|38,37579112|25,955999|2017-11-06 10:47:03|1509954423000|6|0|4,000
55,71664266|38,37584296|22,500000|2017-11-06 10:47:04|1509954424000|6|0|3,000
55,71660721|38,37587752|19,944000|2017-11-06 10:47:05|1509954425000|4|0|4,000
55,71656694|38,37590230|19,044001|2017-11-06 10:47:06|1509954426000|4|0|4,000
55,71653502|38,37594414|14,868000|2017-11-06 10:47:07|1509954427000|7|0|4,000
55,71652801|38,37599941|12,384000|2017-11-06 10:47:08|1509954428000|8|0|4,000
55,71652330|38,37610127|16,452000|2017-11-06 10:47:09|1509954429000|11|0|3,000
55,71652343|38,37617519|19,044001|2017-11-06 10:47:10|1509954430000|9|0|3,000
55,71654787|38,37625885|22,356001|2017-11-06 10:47:11|1509954431000|9|0|3,000
55,71658623|38,37635562|26,639999|2017-11-06 10:47:12|1509954432000|10|0|3,000
55,71661445|38,37646623|28,548000|2017-11-06 10:47:13|1509954433000|10|0|3,000
55,71665536|38,37658912|29,339998|2017-11-06 10:47:14|1509954434000|9|0|3,000
55,71668674|38,37669749|28,836000|2017-11-06 10:47:15|1509954435000|8|0|3,000
55,71672399|38,37680847|29,195999|2017-11-06 10:47:16|1509954436000|9|0|3,000
55,71676056|38,37692191|30,132000|2017-11-06 10:47:17|1509954437000|9|0|3,000
55,71680144|38,37704978|31,968000|2017-11-06 10:47:18|1509954438000|10|0|3,000
55,71684220|38,37717766|34,560001|2017-11-06 10:47:19|1509954439000|8|0|3,000
55,71688707|38,37732034|36,287998|2017-11-06 10:47:20|1509954440000|9|0|3,000
55,71692729|38,37746576|37,655998|2017-11-06 10:47:21|1509954441000|10|0|3,000
55,71696235|38,37759982|37,655998|2017-11-06 10:47:22|1509954442000|9|0|3,000
55,71701555|38,37775230|38,231998|2017-11-06 10:47:23|1509954443000|9|0|3,000
55,71706318|38,37790513|38,231998|2017-11-06 10:47:24|1509954444000|9|0|3,000
55,71710761|38,37805458|38,411999|2017-11-06 10:47:25|1509954445000|8|0|3,000
55,71715079|38,37820514|36,900002|2017-11-06 10:47:26|1509954446000|10|0|3,000
55,71719944|38,37835636|39,060001|2017-11-06 10:47:27|1509954447000|8|0|3,000
55,71724930|38,37850577|39,060001|2017-11-06 10:47:28|1509954448000|8|0|3,000
55,71730395|38,37865259|41,616001|2017-11-06 10:47:29|1509954449000|10|0|3,000
55,71735674|38,37880487|42,192001|2017-11-06 10:47:30|1509954450000|9|0|3,000
55,71741311|38,37896184|41,436001|2017-11-06 10:47:31|1509954451000|8|0|3,000
55,71747203|38,37912362|41,939999|2017-11-06 10:47:32|1509954452000|11|0|3,000
55,71752677|38,37927911|40,572002|2017-11-06 10:47:33|1509954453000|8|0|3,000
55,71757236|38,37944689|39,779999|2017-11-06 10:47:34|1509954454000|9|0|3,000
55,71762189|38,37960049|36,396000|2017-11-06 10:47:35|1509954455000|10|0|3,000
55,71766613|38,37972887|33,407997|2017-11-06 10:47:36|1509954456000|9|0|3,000
55,71771744|38,37984198|32,039997|2017-11-06 10:47:37|1509954457000|11|0|3,000
55,71775027|38,37994213|26,927999|2017-11-06 10:47:38|1509954458000|9|0|3,000
55,71775866|38,38004222|21,672001|2017-11-06 10:47:39|1509954459000|8|0|3,000
55,71778673|38,38012185|19,619999|2017-11-06 10:47:40|1509954460000|9|0|3,000
55,71781305|38,38019096|18,504000|2017-11-06 10:47:41|1509954461000|10|0|3,000
55,71783437|38,38027578|19,188000|2017-11-06 10:47:42|1509954462000|7|0|3,000
55,71786311|38,38034933|20,448000|2017-11-06 10:47:43|1509954463000|10|0|3,000
55,71789334|38,38045237|26,927999|2017-11-06 10:47:44|1509954464000|9|0|3,000
55,71792545|38,38057608|29,232000|2017-11-06 10:47:45|1509954465000|10|0|3,000
55,71795677|38,38068715|28,080000|2017-11-06 10:47:46|1509954466000|10|0|3,000
55,71797488|38,38078960|28,476000|2017-11-06 10:47:47|1509954467000|8|0|3,000
55,71801134|38,38089769|28,476000|2017-11-06 10:47:48|1509954468000|8|0|4,000
55,71805060|38,38101896|31,283998|2017-11-06 10:47:49|1509954469000|10|0|3,000
55,71806689|38,38113254|32,975998|2017-11-06 10:47:50|1509954470000|8|0|3,000
55,71810901|38,38127538|35,388000|2017-11-06 10:47:51|1509954471000|10|0|3,000
55,71815582|38,38142437|38,520000|2017-11-06 10:47:52|1509954472000|9|0|3,000
55,71819781|38,38157764|38,520000|2017-11-06 10:47:53|1509954473000|9|0|4,000
55,71825307|38,38176042|41,616001|2017-11-06 10:47:54|1509954474000|8|0|3,000
55,71829539|38,38194253|42,119999|2017-11-06 10:47:55|1509954475000|9|0|3,000
55,71834400|38,38211009|41,148003|2017-11-06 10:47:56|1509954476000|9|0|3,000
55,71839374|38,38227874|43,452000|2017-11-06 10:47:57|1509954477000|10|0|3,000
55,71844252|38,38247403|46,260002|2017-11-06 10:47:58|1509954478000|11|0|3,000
55,71849472|38,38265905|46,836002|2017-11-06 10:47:59|1509954479000|8|0|3,000
55,71854448|38,38284652|46,836002|2017-11-06 10:48:00|1509954480000|8|0|4,000
55,71860664|38,38304240|50,363998|2017-11-06 10:48:01|1509954481000|9|0|3,000
55,71866604|38,38325352|51,588001|2017-11-06 10:48:02|1509954482000|8|0|3,000
55,71872269|38,38345682|52,380001|2017-11-06 10:48:03|1509954483000|9|0|3,000
55,71877129|38,38369351|51,948002|2017-11-06 10:48:04|1509954484000|10|0|3,000
55,71882450|38,38392420|53,028000|2017-11-06 10:48:05|1509954485000|8|0|3,000
55,71887956|38,38414300|53,460003|2017-11-06 10:48:06|1509954486000|8|0|3,000
55,71892623|38,38435607|52,236000|2017-11-06 10:48:07|1509954487000|11|0|3,000
55,71897367|38,38457114|52,236000|2017-11-06 10:48:08|1509954488000|11|0|3,000
55,71901485|38,38479007|50,903999|2017-11-06 10:48:09|1509954489000|9|0|3,000
55,71905840|38,38499907|49,212002|2017-11-06 10:48:10|1509954490000|9|0|3,000
55,71910351|38,38520143|49,212002|2017-11-06 10:48:11|1509954491000|9|0|3,000
55,71913453|38,38536731|40,607998|2017-11-06 10:48:12|1509954492000|8|0|3,000
55,71916060|38,38550674|33,731998|2017-11-06 10:48:13|1509954493000|9|0|3,000
55,71917920|38,38561039|22,427999|2017-11-06 10:48:14|1509954494000|8|0|3,000
55,71919845|38,38568506|14,940001|2017-11-06 10:48:15|1509954495000|8|0|3,000
55,71921109|38,38574720|14,940001|2017-11-06 10:48:16|1509954496000|8|0|4,000
55,71922584|38,38579399|15,984000|2017-11-06 10:48:17|1509954497000|9|0|3,000
55,71924346|38,38587304|20,628000|2017-11-06 10:48:18|1509954498000|10|0|3,000
55,71925667|38,38595501|23,580000|2017-11-06 10:48:19|1509954499000|8|0|3,000
55,71928117|38,38605818|26,100000|2017-11-06 10:48:20|1509954500000|8|0|3,000
55,71931101|38,38614209|25,740000|2017-11-06 10:48:21|1509954501000|11|0|3,000
55,71933695|38,38623790|26,280001|2017-11-06 10:48:22|1509954502000|9|0|3,000
55,71936428|38,38635839|29,232000|2017-11-06 10:48:23|1509954503000|9|0|3,000
55,71939100|38,38648226|32,148003|2017-11-06 10:48:24|1509954504000|7|0|3,000
55,71942110|38,38662935|34,560001|2017-11-06 10:48:25|1509954505000|8|0|3,000
55,71945573|38,38678031|36,720001|2017-11-06 10:48:26|1509954506000|10|0|3,000
55,71949030|38,38693930|38,231998|2017-11-06 10:48:27|1509954507000|9|0|3,000
55,71951769|38,38710677|39,167999|2017-11-06 10:48:28|1509954508000|8|0|3,000
55,71954557|38,38726638|39,239998|2017-11-06 10:48:29|1509954509000|10|0|3,000
55,71957196|38,38743941|38,231998|2017-11-06 10:48:30|1509954510000|10|0|3,000
55,71959091|38,38761085|39,239998|2017-11-06 10:48:31|1509954511000|11|0|3,000
55,71958785|38,38778362|40,068001|2017-11-06 10:48:32|1509954512000|12|0|3,000
55,71959182|38,38796241|42,444000|2017-11-06 10:48:33|1509954513000|8|0|3,000
55,71958340|38,38814886|43,667999|2017-11-06 10:48:34|1509954514000|8|0|3,000
55,71956610|38,38834731|45,324001|2017-11-06 10:48:35|1509954515000|9|0|3,000
55,71955822|38,38855647|46,116001|2017-11-06 10:48:36|1509954516000|10|0|3,000
55,71955249|38,38877024|47,556000|2017-11-06 10:48:37|1509954517000|9|0|3,000
55,71955182|38,38897828|45,936001|2017-11-06 10:48:38|1509954518000|9|0|3,000
55,71954828|38,38918131|45,936001|2017-11-06 10:48:39|1509954519000|9|0|4,000
55,71953820|38,38938490|45,107998|2017-11-06 10:48:40|1509954520000|9|0|3,000
55,71951794|38,38958580|44,783997|2017-11-06 10:48:41|1509954521000|8|0|3,000
55,71945830|38,38976046|45,000000|2017-11-06 10:48:42|1509954522000|8|0|3,000
55,71940591|38,38992868|45,720001|2017-11-06 10:48:43|1509954523000|8|0|3,000
55,71934240|38,39009654|45,683998|2017-11-06 10:48:44|1509954524000|7|0|3,000
55,71927497|38,39026039|47,304001|2017-11-06 10:48:45|1509954525000|10|0|3,000
55,71920786|38,39041561|43,487999|2017-11-06 10:48:46|1509954526000|10|0|3,000
55,71913343|38,39058928|48,060001|2017-11-06 10:48:47|1509954527000|9|0|3,000
55,71906020|38,39075657|47,088001|2017-11-06 10:48:48|1509954528000|9|0|3,000
55,71899425|38,39091659|46,007999|2017-11-06 10:48:49|1509954529000|9|0|3,000
55,71892539|38,39105709|43,632000|2017-11-06 10:48:50|1509954530000|9|0|3,000
55,71885511|38,39125381|48,743999|2017-11-06 10:48:51|1509954531000|7|0|3,000
55,71880631|38,39144867|48,851997|2017-11-06 10:48:52|1509954532000|9|0|3,000
55,71877615|38,39165457|49,320000|2017-11-06 10:48:53|1509954533000|9|0|3,000
55,71874728|38,39188210|51,192001|2017-11-06 10:48:54|1509954534000|9|0|3,000
55,71872936|38,39210919|52,127998|2017-11-06 10:48:55|1509954535000|9|0|3,000
55,71871852|38,39234507|52,848000|2017-11-06 10:48:56|1509954536000|9|0|3,000
55,71870383|38,39257721|52,848000|2017-11-06 10:48:57|1509954537000|9|0|4,000
55,71869332|38,39283343|54,468002|2017-11-06 10:48:58|1509954538000|9|0|3,000
55,71868650|38,39307861|55,007999|2017-11-06 10:48:59|1509954539000|9|0|3,000
55,71867695|38,39333275|55,512001|2017-11-06 10:49:00|1509954540000|9|0|3,000
55,71867408|38,39357637|55,584000|2017-11-06 10:49:01|1509954541000|9|0|3,000
55,71867295|38,39381822|57,419998|2017-11-06 10:49:02|1509954542000|8|0|3,000
55,71867222|38,39406919|57,708004|2017-11-06 10:49:03|1509954543000|8|0|3,000
55,71867313|38,39433074|60,084003|2017-11-06 10:49:04|1509954544000|9|0|3,000
55,71867913|38,39459328|58,896004|2017-11-06 10:49:05|1509954545000|8|0|3,000
55,71869100|38,39484883|58,932003|2017-11-06 10:49:06|1509954546000|8|0|3,000
55,71868879|38,39510564|58,860001|2017-11-06 10:49:07|1509954547000|8|0|3,000
55,71869677|38,39536547|58,860001|2017-11-06 10:49:08|1509954548000|8|0|4,000
55,71870839|38,39562603|60,624001|2017-11-06 10:49:09|1509954549000|7|0|3,000
55,71871573|38,39588550|61,739998|2017-11-06 10:49:10|1509954550000|7|0|3,000
55,71872934|38,39616102|62,208004|2017-11-06 10:49:11|1509954551000|7|0|3,000
55,71873201|38,39646078|63,216000|2017-11-06 10:49:12|1509954552000|8|0|3,000
55,71874358|38,39675700|63,072002|2017-11-06 10:49:13|1509954553000|7|0|4,000
55,71875801|38,39704218|64,332001|2017-11-06 10:49:14|1509954554000|8|0|3,000
55,71876341|38,39732586|65,699997|2017-11-06 10:49:15|1509954555000|8|0|3,000
55,71877444|38,39761314|66,348000|2017-11-06 10:49:16|1509954556000|7|0|3,000
55,71878661|38,39790569|66,348000|2017-11-06 10:49:17|1509954557000|7|0|4,000
55,71878691|38,39819567|65,195999|2017-11-06 10:49:18|1509954558000|8|0|3,000
55,71879021|38,39848381|65,195999|2017-11-06 10:49:19|1509954559000|8|0|5,000
55,71880620|38,39877586|62,532001|2017-11-06 10:49:20|1509954560000|7|0|3,000
55,71882322|38,39905066|62,532001|2017-11-06 10:49:21|1509954561000|7|0|4,000
55,71885138|38,39930825|60,911999|2017-11-06 10:49:22|1509954562000|7|0|3,000
55,71887620|38,39957040|59,400002|2017-11-06 10:49:23|1509954563000|6|0|4,000
55,71891555|38,39984145|60,732002|2017-11-06 10:49:24|1509954564000|7|0|4,000
55,71894928|38,40009620|58,427998|2017-11-06 10:49:25|1509954565000|6|0|4,000
55,71899225|38,40034313|58,427998|2017-11-06 10:49:26|1509954566000|6|0|6,000
55,71907741|38,40057861|60,588001|2017-11-06 10:49:27|1509954567000|7|0|5,000
55,71916288|38,40081920|62,244003|2017-11-06 10:49:28|1509954568000|6|0|4,000
55,71923559|38,40106241|62,244003|2017-11-06 10:49:29|1509954569000|6|0|4,000
55,71927840|38,40133304|61,884003|2017-11-06 10:49:30|1509954570000|8|0|3,000
55,71932766|38,40159393|61,308002|2017-11-06 10:49:31|1509954571000|7|0|3,000
55,71937117|38,40185056|58,644005|2017-11-06 10:49:32|1509954572000|6|0|4,000
55,71940268|38,40210156|58,103996|2017-11-06 10:49:33|1509954573000|7|0|4,000
55,71943501|38,40235257|58,391998|2017-11-06 10:49:34|1509954574000|7|0|3,000
55,71946537|38,40259189|57,419998|2017-11-06 10:49:35|1509954575000|7|0|3,000
55,71949155|38,40284016|57,528000|2017-11-06 10:49:36|1509954576000|7|0|3,000
55,71954136|38,40309282|57,708004|2017-11-06 10:49:37|1509954577000|8|0|3,000
55,71956855|38,40334010|57,599998|2017-11-06 10:49:38|1509954578000|7|0|3,000
55,71958961|38,40359253|56,844002|2017-11-06 10:49:39|1509954579000|9|0|3,000
55,71960691|38,40383954|57,276001|2017-11-06 10:49:40|1509954580000|8|0|3,000
55,71962101|38,40409464|57,744003|2017-11-06 10:49:41|1509954581000|8|0|3,000
55,71962641|38,40434772|57,851997|2017-11-06 10:49:42|1509954582000|7|0|3,000
55,71964016|38,40460304|57,312000|2017-11-06 10:49:43|1509954583000|8|0|3,000
55,71965164|38,40485569|57,312000|2017-11-06 10:49:44|1509954584000|8|0|4,000
55,71968547|38,40513110|60,624001|2017-11-06 10:49:45|1509954585000|6|0|3,000
55,71970668|38,40539037|61,055996|2017-11-06 10:49:46|1509954586000|7|0|3,000
55,71972677|38,40565339|61,812000|2017-11-06 10:49:47|1509954587000|8|0|3,000
55,71975169|38,40591667|60,803997|2017-11-06 10:49:48|1509954588000|8|0|3,000
55,71977671|38,40618027|61,200001|2017-11-06 10:49:49|1509954589000|8|0|3,000
55,71979299|38,40645167|62,748001|2017-11-06 10:49:50|1509954590000|8|0|3,000
55,71981300|38,40672761|65,484001|2017-11-06 10:49:51|1509954591000|8|0|3,000
55,71983647|38,40702270|65,556000|2017-11-06 10:49:52|1509954592000|7|0|3,000
55,71986439|38,40732510|67,571999|2017-11-06 10:49:53|1509954593000|6|0|3,000
55,71987938|38,40762231|66,599998|2017-11-06 10:49:54|1509954594000|9|0|3,000
55,71990059|38,40793189|69,012001|2017-11-06 10:49:55|1509954595000|8|0|3,000
55,71992570|38,40823946|68,579994|2017-11-06 10:49:56|1509954596000|8|0|3,000
55,71994567|38,40854708|68,652000|2017-11-06 10:49:57|1509954597000|8|0|3,000
55,71996945|38,40885470|69,408005|2017-11-06 10:49:58|1509954598000|9|0|3,000
55,72000402|38,40917256|70,020004|2017-11-06 10:49:59|1509954599000|8|0|3,000
55,72003132|38,40947833|70,020004|2017-11-06 10:50:00|1509954600000|8|0|3,000
55,72005861|38,40978410|70,020004|2017-11-06 10:50:01|1509954601000|8|0|4,000
55,72010314|38,41013264|70,991997|2017-11-06 10:50:02|1509954602000|8|0|4,000
55,72013173|38,41043710|69,947998|2017-11-06 10:50:03|1509954603000|6|0|3,000
55,72015233|38,41074738|69,624001|2017-11-06 10:50:04|1509954604000|7|0|3,000
55,72019291|38,41107334|71,928001|2017-11-06 10:50:05|1509954605000|7|0|3,000
55,72022574|38,41138593|71,928001|2017-11-06 10:50:06|1509954606000|7|0|4,000
55,72025820|38,41169153|73,367996|2017-11-06 10:50:07|1509954607000|4|0|3,000
55,72029444|38,41200377|72,863998|2017-11-06 10:50:08|1509954608000|4|0|4,000
55,72033986|38,41231949|73,367996|2017-11-06 10:50:09|1509954609000|7|0|4,000
55,72037827|38,41263071|73,296005|2017-11-06 10:50:10|1509954610000|7|0|4,000
55,72041663|38,41294104|73,188004|2017-11-06 10:50:11|1509954611000|6|0|3,000
55,72045668|38,41325812|74,520004|2017-11-06 10:50:12|1509954612000|5|0|3,000
55,72050052|38,41357314|73,223999|2017-11-06 10:50:13|1509954613000|5|0|3,000
55,72055314|38,41387317|73,332001|2017-11-06 10:50:14|1509954614000|9|0|3,000
55,72059590|38,41419241|73,512001|2017-11-06 10:50:15|1509954615000|6|0|4,000
55,72064333|38,41449929|73,655998|2017-11-06 10:50:16|1509954616000|7|0|4,000
55,72068877|38,41481067|72,144005|2017-11-06 10:50:17|1509954617000|9|0|3,000
55,72071830|38,41511059|70,884003|2017-11-06 10:50:18|1509954618000|9|0|3,000
55,72075250|38,41541000|70,811996|2017-11-06 10:50:19|1509954619000|9|0|3,000
55,72079611|38,41570884|69,624001|2017-11-06 10:50:20|1509954620000|9|0|3,000
55,72083670|38,41599924|67,967995|2017-11-06 10:50:21|1509954621000|8|0|3,000
55,72088482|38,41627450|66,239998|2017-11-06 10:50:22|1509954622000|8|0|3,000
55,72093258|38,41655450|66,167999|2017-11-06 10:50:23|1509954623000|9|0|3,000
55,72098727|38,41683077|66,203995|2017-11-06 10:50:24|1509954624000|10|0|3,000
55,72104758|38,41710753|66,672005|2017-11-06 10:50:25|1509954625000|8|0|3,000
55,72111470|38,41737285|67,391998|2017-11-06 10:50:26|1509954626000|8|0|3,000
55,72118220|38,41764231|67,896004|2017-11-06 10:50:27|1509954627000|8|0|4,000
55,72125304|38,41791772|69,192001|2017-11-06 10:50:28|1509954628000|9|0|3,000
55,72132697|38,41820029|69,947998|2017-11-06 10:50:29|1509954629000|9|0|3,000
55,72140216|38,41847353|67,788002|2017-11-06 10:50:30|1509954630000|9|0|3,000
55,72146820|38,41874080|67,284004|2017-11-06 10:50:31|1509954631000|7|0|4,000
55,72154064|38,41899310|65,772003|2017-11-06 10:50:32|1509954632000|8|0|5,000
55,72157698|38,41927250|64,655998|2017-11-06 10:50:33|1509954633000|7|0|4,000
55,72162372|38,41954113|64,548004|2017-11-06 10:50:34|1509954634000|9|0|4,000
55,72164149|38,41983490|64,115997|2017-11-06 10:50:35|1509954635000|9|0|3,000
55,72164234|38,42011609|64,044006|2017-11-06 10:50:36|1509954636000|8|0|3,000
55,72162236|38,42040053|63,791996|2017-11-06 10:50:37|1509954637000|7|0|4,000
55,72158474|38,42068012|63,936001|2017-11-06 10:50:38|1509954638000|7|0|4,000
55,72153918|38,42095377|64,835999|2017-11-06 10:50:39|1509954639000|7|0|4,000
55,72147015|38,42121892|65,087997|2017-11-06 10:50:40|1509954640000|7|0|4,000
55,72139157|38,42147684|65,699997|2017-11-06 10:50:41|1509954641000|8|0|3,000
55,72131809|38,42173538|64,872002|2017-11-06 10:50:42|1509954642000|8|0|3,000
55,72125049|38,42199058|63,648003|2017-11-06 10:50:43|1509954643000|8|0|3,000
55,72117762|38,42223682|62,424000|2017-11-06 10:50:44|1509954644000|8|0|3,000
55,72110918|38,42247626|60,840000|2017-11-06 10:50:45|1509954645000|8|0|4,000
