55,72835133|38,49314666|63,612000|2017-11-06 10:56:25|1509954985304|4|0|5,000
55,72838539|38,49333533|63,612000|2017-11-06 10:56:26|1509954986010|4|0|6,000
55,72844877|38,49380735|61,379997|2017-11-06 10:56:27|1509954987010|9|0|8,000
55,72848785|38,49404922|60,120003|2017-11-06 10:56:28|1509954988010|11|0|6,000
55,72851546|38,49420334|58,679996|2017-11-06 10:56:29|1509954989010|12|0|4,000
55,72860047|38,49441472|57,348000|2017-11-06 10:56:30|1509954990010|12|0|4,000
55,72866475|38,49464645|57,167999|2017-11-06 10:56:31|1509954991010|13|0|4,000
55,72875203|38,49489187|58,067997|2017-11-06 10:56:32|1509954992016|13|0|3,000
55,72882145|38,49504608|59,903999|2017-11-06 10:56:33|1509954993000|13|0|9,000
55,72892913|38,49525081|61,524002|2017-11-06 10:56:34|1509954994000|13|0|5,000
55,72902933|38,49544407|61,344002|2017-11-06 10:56:35|1509954995000|13|0|3,000
55,72913617|38,49565388|60,084003|2017-11-06 10:56:36|1509954996000|11|0|3,000
55,72923438|38,49584915|58,932003|2017-11-06 10:56:37|1509954997000|11|0|3,000
55,72933670|38,49605778|59,363998|2017-11-06 10:56:38|1509954998000|12|0|3,000
55,72943697|38,49625786|60,696003|2017-11-06 10:56:39|1509954999000|12|0|3,000
55,72955088|38,49645524|62,460003|2017-11-06 10:56:40|1509955000000|11|0|3,000
55,72966488|38,49664569|64,188004|2017-11-06 10:56:41|1509955001000|11|0|3,000
55,72978832|38,49683293|65,987999|2017-11-06 10:56:42|1509955002000|12|0|3,000
55,72991199|38,49703662|67,896004|2017-11-06 10:56:43|1509955003000|11|0|3,000
55,73004370|38,49724018|69,552002|2017-11-06 10:56:44|1509955004000|11|0|3,000
55,73018283|38,49744144|71,028000|2017-11-06 10:56:45|1509955005000|11|0|3,000
55,73031877|38,49765443|72,863998|2017-11-06 10:56:46|1509955006000|11|0|3,000
55,73045211|38,49786760|73,835999|2017-11-06 10:56:47|1509955007000|11|0|3,000
55,73059095|38,49808095|74,807999|2017-11-06 10:56:48|1509955008000|11|0|3,000
55,73073011|38,49829905|75,888000|2017-11-06 10:56:49|1509955009000|11|0|3,000
55,73087638|38,49852358|77,723999|2017-11-06 10:56:50|1509955010000|11|0|3,000
55,73102984|38,49875474|79,487999|2017-11-06 10:56:51|1509955011000|11|0|3,000
55,73118227|38,49898840|81,108002|2017-11-06 10:56:52|1509955012000|11|0|3,000
55,73134086|38,49922702|82,800003|2017-11-06 10:56:53|1509955013000|12|0|3,000
55,73149855|38,49946620|83,304001|2017-11-06 10:56:54|1509955014000|12|0|3,000
55,73165224|38,49971264|81,467995|2017-11-06 10:56:55|1509955015000|13|0|3,000
55,73179507|38,49996522|79,451996|2017-11-06 10:56:56|1509955016000|12|0|3,000
55,73192654|38,50020978|77,363998|2017-11-06 10:56:57|1509955017000|13|0|3,000
55,73205929|38,50045954|75,744003|2017-11-06 10:56:58|1509955018000|12|0|3,000
55,73219134|38,50071099|76,211998|2017-11-06 10:56:59|1509955019000|12|0|3,000
55,73232123|38,50096779|77,112000|2017-11-06 10:57:00|1509955020000|11|0|3,000
55,73245643|38,50121797|78,515999|2017-11-06 10:57:01|1509955021000|12|0|3,000
55,73258922|38,50146361|77,723999|2017-11-06 10:57:02|1509955022000|13|0|3,000
55,73272472|38,50171406|77,652000|2017-11-06 10:57:03|1509955023000|12|0|3,000
55,73285379|38,50197971|79,451996|2017-11-06 10:57:04|1509955024000|12|0|3,000
55,73299122|38,50224055|81,000000|2017-11-06 10:57:05|1509955025000|12|0|3,000
55,73312655|38,50249892|81,792000|2017-11-06 10:57:06|1509955026000|10|0|3,000
55,73326161|38,50276731|82,008003|2017-11-06 10:57:07|1509955027000|12|0|3,000
55,73340254|38,50304894|81,575996|2017-11-06 10:57:08|1509955028000|11|0|3,000
55,73354212|38,50331305|81,432007|2017-11-06 10:57:09|1509955029000|11|0|3,000
55,73366921|38,50358459|81,900002|2017-11-06 10:57:10|1509955030000|12|0|3,000
55,73380191|38,50386125|83,772003|2017-11-06 10:57:11|1509955031000|12|0|3,000
55,73394301|38,50414396|84,491997|2017-11-06 10:57:12|1509955032000|12|0|3,000
55,73408968|38,50443499|84,996002|2017-11-06 10:57:13|1509955033000|13|0|3,000
55,73423288|38,50471285|83,015999|2017-11-06 10:57:14|1509955034000|12|0|3,000
55,73437219|38,50500904|81,648003|2017-11-06 10:57:15|1509955035000|13|0|3,000
55,73450851|38,50527891|79,991997|2017-11-06 10:57:16|1509955036000|13|0|3,000
55,73463996|38,50553940|78,732002|2017-11-06 10:57:17|1509955037000|13|0|3,000
55,73477163|38,50579474|77,652000|2017-11-06 10:57:18|1509955038000|13|0|3,000
55,73489761|38,50605379|76,211998|2017-11-06 10:57:19|1509955039000|13|0|3,000
55,73501996|38,50629777|74,412003|2017-11-06 10:57:20|1509955040000|13|0|3,000
55,73514288|38,50654343|72,900002|2017-11-06 10:57:21|1509955041000|13|0|3,000
55,73526572|38,50677852|70,776001|2017-11-06 10:57:22|1509955042000|12|0|3,000
55,73537818|38,50701884|70,272003|2017-11-06 10:57:23|1509955043000|12|0|3,000
55,73549648|38,50723816|68,472000|2017-11-06 10:57:24|1509955044000|13|0|3,000
55,73560317|38,50746525|68,760002|2017-11-06 10:57:25|1509955045000|13|0|3,000
55,73571588|38,50769425|69,084000|2017-11-06 10:57:26|1509955046000|13|0|3,000
55,73581545|38,50792135|70,379997|2017-11-06 10:57:27|1509955047000|12|0|3,000
55,73593375|38,50816256|71,388000|2017-11-06 10:57:28|1509955048000|13|0|3,000
55,73605318|38,50839885|71,603996|2017-11-06 10:57:29|1509955049000|13|0|3,000
55,73617136|38,50862762|71,855995|2017-11-06 10:57:30|1509955050000|13|0|3,000
55,73629497|38,50887161|73,115997|2017-11-06 10:57:31|1509955051000|12|0|3,000
55,73641138|38,50911020|73,872002|2017-11-06 10:57:32|1509955052000|12|0|3,000
55,73652658|38,50936621|74,267998|2017-11-06 10:57:33|1509955053000|10|0|3,000
55,73664145|38,50961555|74,844002|2017-11-06 10:57:34|1509955054000|10|0|3,000
55,73676146|38,50987229|75,167999|2017-11-06 10:57:35|1509955055000|11|0|3,000
55,73687979|38,51013508|76,715996|2017-11-06 10:57:36|1509955056000|10|0|3,000
55,73700188|38,51041350|78,048004|2017-11-06 10:57:37|1509955057000|10|0|3,000
55,73711620|38,51068572|77,327995|2017-11-06 10:57:38|1509955058000|12|0|3,000
55,73723136|38,51097009|78,120003|2017-11-06 10:57:39|1509955059000|11|0|3,000
55,73734364|38,51125365|78,192001|2017-11-06 10:57:40|1509955060000|12|0|3,000
55,73744359|38,51153863|75,672005|2017-11-06 10:57:41|1509955061000|12|0|3,000
55,73754146|38,51181380|73,512001|2017-11-06 10:57:42|1509955062000|12|0|3,000
55,73763741|38,51208584|73,440002|2017-11-06 10:57:43|1509955063000|11|0|3,000
55,73773083|38,51237267|73,620003|2017-11-06 10:57:44|1509955064000|13|0|3,000
55,73782147|38,51265766|73,655998|2017-11-06 10:57:45|1509955065000|12|0|3,000
55,73791458|38,51292830|73,079994|2017-11-06 10:57:46|1509955066000|11|0|3,000
55,73799950|38,51321898|71,711998|2017-11-06 10:57:47|1509955067000|10|0|3,000
55,73808121|38,51349067|69,587997|2017-11-06 10:57:48|1509955068000|13|0|3,000
55,73816155|38,51376400|69,048004|2017-11-06 10:57:49|1509955069000|13|0|3,000
55,73824177|38,51403486|69,120003|2017-11-06 10:57:50|1509955070000|13|0|3,000
55,73832363|38,51431161|70,236000|2017-11-06 10:57:51|1509955071000|11|0|3,000
55,73839865|38,51458965|70,739998|2017-11-06 10:57:52|1509955072000|10|0|3,000
55,73847683|38,51486725|71,424004|2017-11-06 10:57:53|1509955073000|13|0|3,000
55,73855626|38,51514403|71,208000|2017-11-06 10:57:54|1509955074000|9|0|3,000
55,73863894|38,51541803|72,432007|2017-11-06 10:57:55|1509955075000|11|0|3,000
55,73871678|38,51570539|73,223999|2017-11-06 10:57:56|1509955076000|12|0|3,000
55,73879887|38,51599975|72,900002|2017-11-06 10:57:57|1509955077000|11|0|3,000
55,73888144|38,51627958|71,459999|2017-11-06 10:57:58|1509955078000|9|0|3,000
55,73896091|38,51656550|69,155998|2017-11-06 10:57:59|1509955079000|11|0|3,000
55,73903838|38,51683517|67,644005|2017-11-06 10:58:00|1509955080000|10|0|3,000
55,73911090|38,51710689|68,544006|2017-11-06 10:58:01|1509955081000|11|0|3,000
55,73918694|38,51737572|68,220001|2017-11-06 10:58:02|1509955082000|11|0|3,000
55,73925493|38,51764899|67,500000|2017-11-06 10:58:03|1509955083000|11|0|3,000
55,73933093|38,51791267|67,463997|2017-11-06 10:58:04|1509955084000|11|0|3,000
55,73939630|38,51818966|68,832001|2017-11-06 10:58:05|1509955085000|10|0|3,000
55,73946805|38,51847360|68,220001|2017-11-06 10:58:06|1509955086000|11|0|3,000
55,73953194|38,51875211|69,084000|2017-11-06 10:58:07|1509955087000|10|0|3,000
55,73960312|38,51903195|69,372002|2017-11-06 10:58:08|1509955088000|12|0|3,000
55,73967370|38,51932331|70,307999|2017-11-06 10:58:09|1509955089000|11|0|3,000
55,73974308|38,51960409|71,459999|2017-11-06 10:58:10|1509955090000|9|0|3,000
55,73981709|38,51989592|71,496002|2017-11-06 10:58:11|1509955091000|8|0|3,000
55,73989222|38,52019212|70,307999|2017-11-06 10:58:12|1509955092000|11|0|3,000
55,73995504|38,52047706|69,048004|2017-11-06 10:58:13|1509955093000|11|0|3,000
55,74002581|38,52076041|68,040001|2017-11-06 10:58:14|1509955094000|10|0|3,000
55,74008846|38,52103505|66,455994|2017-11-06 10:58:15|1509955095000|11|0|3,000
55,74015263|38,52131181|65,951996|2017-11-06 10:58:16|1509955096000|10|0|3,000
55,74021365|38,52157816|64,223999|2017-11-06 10:58:17|1509955097000|10|0|3,000
55,74027000|38,52184030|64,835999|2017-11-06 10:58:18|1509955098000|10|0|3,000
55,74032947|38,52211543|64,872002|2017-11-06 10:58:19|1509955099000|10|0|3,000
55,74038979|38,52238212|66,024002|2017-11-06 10:58:20|1509955100000|12|0|3,000
55,74044183|38,52264984|65,267998|2017-11-06 10:58:21|1509955101000|11|0|3,000
55,74049776|38,52292550|67,032005|2017-11-06 10:58:22|1509955102000|11|0|3,000
55,74056003|38,52319525|68,040001|2017-11-06 10:58:23|1509955103000|12|0|3,000
55,74062132|38,52348605|68,544006|2017-11-06 10:58:24|1509955104000|10|0|3,000
55,74067932|38,52376194|67,680000|2017-11-06 10:58:25|1509955105000|12|0|3,000
55,74075493|38,52403211|67,320000|2017-11-06 10:58:26|1509955106000|10|0|3,000
55,74081658|38,52431330|67,751999|2017-11-06 10:58:27|1509955107000|8|0|3,000
55,74088200|38,52460959|68,832001|2017-11-06 10:58:28|1509955108000|10|0|3,000
55,74094682|38,52489023|67,103996|2017-11-06 10:58:29|1509955109000|13|0|3,000
55,74100332|38,52516709|66,491997|2017-11-06 10:58:30|1509955110000|13|0|3,000
55,74105864|38,52543311|63,863998|2017-11-06 10:58:31|1509955111000|12|0|3,000
55,74112370|38,52569097|62,820004|2017-11-06 10:58:32|1509955112000|12|0|3,000
55,74117688|38,52594444|63,467999|2017-11-06 10:58:33|1509955113000|10|0|3,000
55,74123945|38,52621315|65,087997|2017-11-06 10:58:34|1509955114000|12|0|3,000
55,74130186|38,52646407|64,944000|2017-11-06 10:58:35|1509955115000|13|0|3,000
55,74136716|38,52673963|64,188004|2017-11-06 10:58:36|1509955116000|10|0|3,000
55,74142239|38,52699900|62,567997|2017-11-06 10:58:37|1509955117000|10|0|3,000
55,74148004|38,52724936|63,648003|2017-11-06 10:58:38|1509955118000|12|0|3,000
55,74154268|38,52750844|65,339996|2017-11-06 10:58:39|1509955119000|11|0|3,000
55,74159392|38,52778040|66,888000|2017-11-06 10:58:40|1509955120000|11|0|3,000
55,74165998|38,52806948|68,148003|2017-11-06 10:58:41|1509955121000|12|0|3,000
55,74171378|38,52834861|69,984001|2017-11-06 10:58:42|1509955122000|11|0|3,000
55,74177887|38,52862789|71,784004|2017-11-06 10:58:43|1509955123000|12|0|3,000
55,74184884|38,52891072|73,223999|2017-11-06 10:58:44|1509955124000|10|0|3,000
55,74191917|38,52923929|75,059998|2017-11-06 10:58:45|1509955125000|11|0|3,000
55,74198606|38,52956515|75,744003|2017-11-06 10:58:46|1509955126000|10|0|3,000
55,74204954|38,52988129|75,672005|2017-11-06 10:58:47|1509955127000|12|0|3,000
55,74211530|38,53019389|75,815994|2017-11-06 10:58:48|1509955128000|11|0|3,000
55,74219159|38,53051179|78,444000|2017-11-06 10:58:49|1509955129000|11|0|3,000
55,74226362|38,53083281|76,032005|2017-11-06 10:58:50|1509955130000|11|0|3,000
55,74233333|38,53115669|77,472000|2017-11-06 10:58:51|1509955131000|11|0|3,000
55,74240547|38,53146917|78,227997|2017-11-06 10:58:52|1509955132000|11|0|3,000
55,74247277|38,53179562|78,695999|2017-11-06 10:58:53|1509955133000|9|0|3,000
55,74254853|38,53211016|78,155998|2017-11-06 10:58:54|1509955134000|11|0|3,000
55,74261803|38,53241635|76,608002|2017-11-06 10:58:55|1509955135000|11|0|3,000
55,74268736|38,53274045|75,096001|2017-11-06 10:58:56|1509955136000|13|0|3,000
55,74275677|38,53305239|75,203995|2017-11-06 10:58:57|1509955137000|13|0|3,000
55,74282811|38,53336205|75,708000|2017-11-06 10:58:58|1509955138000|13|0|3,000
55,74288842|38,53368390|76,536003|2017-11-06 10:58:59|1509955139000|13|0|3,000
55,74296084|38,53398990|77,363998|2017-11-06 10:59:00|1509955140000|12|0|3,000
55,74303026|38,53433817|79,307999|2017-11-06 10:59:01|1509955141000|12|0|3,000
55,74310056|38,53467380|80,639999|2017-11-06 10:59:02|1509955142000|10|0|3,000
55,74317368|38,53500636|82,115997|2017-11-06 10:59:03|1509955143000|12|0|3,000
55,74324985|38,53534252|82,584000|2017-11-06 10:59:04|1509955144000|12|0|3,000
55,74331702|38,53568470|80,963997|2017-11-06 10:59:05|1509955145000|11|0|3,000
55,74338748|38,53601501|78,624001|2017-11-06 10:59:06|1509955146000|12|0|3,000
55,74344806|38,53633257|74,052002|2017-11-06 10:59:07|1509955147000|10|0|3,000
55,74350498|38,53662011|67,715996|2017-11-06 10:59:08|1509955148000|11|0|3,000
55,74356010|38,53688782|63,324001|2017-11-06 10:59:09|1509955149000|11|0|3,000
55,74360921|38,53714322|59,760002|2017-11-06 10:59:10|1509955150000|10|0|3,000
55,74365803|38,53738450|55,223999|2017-11-06 10:59:11|1509955151000|10|0|3,000
55,74369839|38,53760179|50,004002|2017-11-06 10:59:12|1509955152000|10|0|3,000
55,74373432|38,53779163|44,568001|2017-11-06 10:59:13|1509955153000|9|0|3,000
55,74377112|38,53798035|41,652000|2017-11-06 10:59:14|1509955154000|11|0|3,000
55,74380844|38,53815252|40,644001|2017-11-06 10:59:15|1509955155000|11|0|3,000
55,74384282|38,53831175|36,683998|2017-11-06 10:59:16|1509955156000|11|0|3,000
55,74387366|38,53844014|34,272003|2017-11-06 10:59:17|1509955157000|10|0|3,000
55,74389719|38,53859501|31,175999|2017-11-06 10:59:18|1509955158000|11|0|3,000
55,74391194|38,53871128|27,000000|2017-11-06 10:59:19|1509955159000|10|0|3,000
55,74392169|38,53882215|24,732000|2017-11-06 10:59:20|1509955160000|13|0|3,000
55,74394232|38,53893635|25,452000|2017-11-06 10:59:21|1509955161000|11|0|3,000
55,74396914|38,53905259|28,080000|2017-11-06 10:59:22|1509955162000|11|0|3,000
55,74398783|38,53918097|31,716002|2017-11-06 10:59:23|1509955163000|11|0|3,000
55,74401876|38,53933060|35,568001|2017-11-06 10:59:24|1509955164000|10|0|3,000
55,74404576|38,53949503|38,195999|2017-11-06 10:59:25|1509955165000|10|0|3,000
55,74407162|38,53966381|41,112000|2017-11-06 10:59:26|1509955166000|10|0|3,000
55,74409930|38,53985113|45,648003|2017-11-06 10:59:27|1509955167000|11|0|3,000
55,74413053|38,54005300|49,644001|2017-11-06 10:59:28|1509955168000|11|0|3,000
55,74415558|38,54026205|49,607998|2017-11-06 10:59:29|1509955169000|11|0|3,000
55,74418315|38,54047246|49,031998|2017-11-06 10:59:30|1509955170000|10|0|3,000
55,74421348|38,54069018|51,192001|2017-11-06 10:59:31|1509955171000|12|0|3,000
55,74424284|38,54092198|53,495998|2017-11-06 10:59:32|1509955172000|11|0|3,000
55,74427314|38,54115492|56,844002|2017-11-06 10:59:33|1509955173000|12|0|3,000
55,74430603|38,54141131|59,615997|2017-11-06 10:59:34|1509955174000|10|0|3,000
55,74433908|38,54167309|60,696003|2017-11-06 10:59:35|1509955175000|11|0|3,000
55,74436547|38,54194479|60,984001|2017-11-06 10:59:36|1509955176000|11|0|3,000
55,74439114|38,54220607|61,812000|2017-11-06 10:59:37|1509955177000|9|0|3,000
55,74442250|38,54248520|62,820004|2017-11-06 10:59:38|1509955178000|11|0|3,000
55,74444258|38,54275596|64,044006|2017-11-06 10:59:39|1509955179000|10|0|3,000
55,74446499|38,54303458|66,384003|2017-11-06 10:59:40|1509955180000|11|0|3,000
55,74449015|38,54332471|67,571999|2017-11-06 10:59:41|1509955181000|10|0|3,000
55,74451745|38,54362705|68,400002|2017-11-06 10:59:42|1509955182000|9|0|3,000
55,74454798|38,54392684|69,408005|2017-11-06 10:59:43|1509955183000|11|0|3,000
55,74457678|38,54423859|72,540001|2017-11-06 10:59:44|1509955184000|9|0|3,000
55,74460053|38,54456246|74,412003|2017-11-06 10:59:45|1509955185000|10|0|3,000
55,74462149|38,54488368|73,152000|2017-11-06 10:59:46|1509955186000|10|0|3,000
55,74463544|38,54519468|70,991997|2017-11-06 10:59:47|1509955187000|11|0|3,000
55,74466757|38,54550767|72,000000|2017-11-06 10:59:48|1509955188000|11|0|3,000
55,74469265|38,54582551|72,863998|2017-11-06 10:59:49|1509955189000|11|0|3,000
55,74471402|38,54614354|74,699997|2017-11-06 10:59:50|1509955190000|12|0|3,000
55,74473781|38,54647020|75,959999|2017-11-06 10:59:51|1509955191000|11|0|3,000
55,74476538|38,54680705|76,932007|2017-11-06 10:59:52|1509955192000|9|0|3,000
55,74478862|38,54714514|78,804001|2017-11-06 10:59:53|1509955193000|10|0|3,000
55,74481772|38,54750658|80,388000|2017-11-06 10:59:54|1509955194000|9|0|3,000
55,74485160|38,54786491|82,332001|2017-11-06 10:59:55|1509955195000|11|0|3,000
55,74488587|38,54823167|83,951996|2017-11-06 10:59:56|1509955196000|11|0|3,000
55,74491864|38,54860232|84,708000|2017-11-06 10:59:57|1509955197000|10|0|3,000
55,74493929|38,54897491|85,284004|2017-11-06 10:59:58|1509955198000|11|0|3,000
55,74497037|38,54935490|86,652000|2017-11-06 10:59:59|1509955199000|10|0|3,000
55,74500349|38,54972540|84,996002|2017-11-06 11:00:00|1509955200000|11|0|3,000
55,74502549|38,55008819|83,087997|2017-11-06 11:00:01|1509955201000|12|0|3,000
55,74505360|38,55044675|81,684006|2017-11-06 11:00:02|1509955202000|11|0|3,000
55,74508538|38,55080696|82,260002|2017-11-06 11:00:03|1509955203000|11|0|3,000
55,74511167|38,55117642|83,736000|2017-11-06 11:00:04|1509955204000|11|0|3,000
55,74514612|38,55154368|83,807999|2017-11-06 11:00:05|1509955205000|12|0|3,000
55,74517704|38,55191663|84,276001|2017-11-06 11:00:06|1509955206000|13|0|3,000
55,74520682|38,55228819|84,996002|2017-11-06 11:00:07|1509955207000|12|0|3,000
55,74523675|38,55266874|86,363998|2017-11-06 11:00:08|1509955208000|13|0|3,000
55,74526797|38,55306592|87,552002|2017-11-06 11:00:09|1509955209000|11|0|3,000
55,74530185|38,55344326|88,056000|2017-11-06 11:00:10|1509955210000|10|0|3,000
55,74533385|38,55383102|88,164001|2017-11-06 11:00:11|1509955211000|11|0|3,000
55,74536954|38,55421798|87,479996|2017-11-06 11:00:12|1509955212000|11|0|3,000
55,74539355|38,55460384|88,955994|2017-11-06 11:00:13|1509955213000|13|0|3,000
55,74542778|38,55498768|88,127998|2017-11-06 11:00:14|1509955214000|11|0|3,000
55,74546424|38,55535978|86,363998|2017-11-06 11:00:15|1509955215000|13|0|3,000
55,74548612|38,55572564|84,672005|2017-11-06 11:00:16|1509955216000|13|0|3,000
55,74551994|38,55609207|82,152000|2017-11-06 11:00:17|1509955217000|12|0|3,000
55,74555039|38,55644915|80,603996|2017-11-06 11:00:18|1509955218000|13|0|3,000
55,74557466|38,55680912|79,487999|2017-11-06 11:00:19|1509955219000|11|0|3,000
55,74560176|38,55714356|78,155998|2017-11-06 11:00:20|1509955220000|13|0|3,000
55,74562915|38,55748708|77,472000|2017-11-06 11:00:21|1509955221000|12|0|3,000
55,74565393|38,55783467|77,220001|2017-11-06 11:00:22|1509955222000|11|0|3,000
55,74568325|38,55817021|78,335999|2017-11-06 11:00:23|1509955223000|10|0|3,000
55,74571377|38,55851153|78,732002|2017-11-06 11:00:24|1509955224000|9|0|3,000
55,74574489|38,55886569|79,739998|2017-11-06 11:00:25|1509955225000|12|0|3,000
55,74577189|38,55921876|80,063995|2017-11-06 11:00:26|1509955226000|13|0|3,000
55,74579088|38,55957078|79,596001|2017-11-06 11:00:27|1509955227000|11|0|3,000
55,74582612|38,55990290|78,444000|2017-11-06 11:00:28|1509955228000|11|0|3,000
55,74584950|38,56023461|76,536003|2017-11-06 11:00:29|1509955229000|10|0|3,000
55,74587064|38,56056420|74,807999|2017-11-06 11:00:30|1509955230000|10|0|3,000
55,74589570|38,56088906|72,755997|2017-11-06 11:00:31|1509955231000|13|0|3,000
55,74592205|38,56119786|71,315994|2017-11-06 11:00:32|1509955232000|11|0|3,000
55,74594776|38,56150791|70,127998|2017-11-06 11:00:33|1509955233000|13|0|3,000
55,74597780|38,56181493|71,351997|2017-11-06 11:00:34|1509955234000|12|0|3,000
55,74599646|38,56212584|72,972000|2017-11-06 11:00:35|1509955235000|13|0|3,000
55,74602127|38,56244430|74,267998|2017-11-06 11:00:36|1509955236000|13|0|3,000
55,74604918|38,56277739|75,924004|2017-11-06 11:00:37|1509955237000|12|0|3,000
55,74607363|38,56311369|77,040001|2017-11-06 11:00:38|1509955238000|13|0|3,000
55,74609851|38,56344992|77,184006|2017-11-06 11:00:39|1509955239000|10|0|3,000
55,74612260|38,56378586|76,823997|2017-11-06 11:00:40|1509955240000|11|0|3,000
55,74614765|38,56411947|76,355995|2017-11-06 11:00:41|1509955241000|12|0|3,000
55,74617953|38,56445602|76,536003|2017-11-06 11:00:42|1509955242000|10|0|3,000
55,74621144|38,56479882|76,032005|2017-11-06 11:00:43|1509955243000|12|0|3,000
55,74623788|38,56512523|74,951996|2017-11-06 11:00:44|1509955244000|10|0|3,000
55,74626692|38,56544536|72,863998|2017-11-06 11:00:45|1509955245000|13|0|3,000
55,74629017|38,56574388|70,739998|2017-11-06 11:00:46|1509955246000|9|0|3,000
