55,71009551|37,58186332|55,907997|2017-11-04 09:03:01|1509775381000|13|0|39,000
55,70997168|37,58199146|56,987999|2017-11-04 09:03:02|1509775382000|12|0|25,000
55,70994014|37,58199272|54,648003|2017-11-04 09:03:03|1509775383000|13|0|10,000
55,70987805|37,58211208|48,383999|2017-11-04 09:03:04|1509775384000|13|0|6,000
55,70976066|37,58223990|41,723999|2017-11-04 09:03:05|1509775385000|13|0|5,000
55,70969896|37,58230944|35,172001|2017-11-04 09:03:06|1509775386000|12|0|4,000
55,70963261|37,58235525|29,087999|2017-11-04 09:03:07|1509775387000|13|0|3,000
55,70956513|37,58238385|26,063999|2017-11-04 09:03:08|1509775388000|11|0|3,000
55,70950259|37,58237114|24,587999|2017-11-04 09:03:09|1509775389000|11|0|3,000
55,70944505|37,58235442|25,380001|2017-11-04 09:03:10|1509775390000|12|0|3,000
55,70937389|37,58230849|28,440001|2017-11-04 09:03:11|1509775391000|12|0|3,000
55,70930677|37,58224655|30,455999|2017-11-04 09:03:12|1509775392000|12|0|3,000
55,70922262|37,58215922|35,460003|2017-11-04 09:03:13|1509775393000|12|0|3,000
55,70913381|37,58206183|40,751999|2017-11-04 09:03:14|1509775394000|12|0|3,000
55,70904453|37,58197468|39,276001|2017-11-04 09:03:15|1509775395000|12|0|4,000
55,70894321|37,58185134|43,487999|2017-11-04 09:03:16|1509775396000|12|0|4,000
55,70885231|37,58169271|49,896000|2017-11-04 09:03:17|1509775397000|12|0|3,000
55,70876387|37,58153672|50,400002|2017-11-04 09:03:18|1509775398000|13|0|3,000
55,70865870|37,58139300|50,507999|2017-11-04 09:03:19|1509775399000|14|0|3,000
55,70856315|37,58124403|53,460003|2017-11-04 09:03:20|1509775400000|13|0|3,000
55,70845129|37,58107547|52,704002|2017-11-04 09:03:21|1509775401000|12|0|3,000
55,70835614|37,58093341|50,939999|2017-11-04 09:03:22|1509775402000|13|0|3,000
55,70827155|37,58080400|49,896000|2017-11-04 09:03:23|1509775403000|13|0|3,000
55,70816885|37,58066051|48,276001|2017-11-04 09:03:24|1509775404000|14|0|3,000
55,70807950|37,58053896|47,051998|2017-11-04 09:03:25|1509775405000|14|0|3,000
55,70799276|37,58040940|45,863998|2017-11-04 09:03:26|1509775406000|14|0|3,000
55,70789920|37,58026331|46,223999|2017-11-04 09:03:27|1509775407000|13|0|3,000
55,70781495|37,58012838|48,492001|2017-11-04 09:03:28|1509775408000|12|0|3,000
55,70772495|37,57997261|48,060001|2017-11-04 09:03:29|1509775409000|12|0|3,000
55,70765210|37,57983418|46,907997|2017-11-04 09:03:30|1509775410000|13|0|3,000
55,70757504|37,57968832|45,827999|2017-11-04 09:03:31|1509775411000|12|0|3,000
55,70749505|37,57953516|44,892002|2017-11-04 09:03:32|1509775412000|12|0|3,000
55,70742382|37,57940120|41,723999|2017-11-04 09:03:33|1509775413000|13|0|3,000
55,70736309|37,57927837|37,223999|2017-11-04 09:03:34|1509775414000|13|0|3,000
55,70731770|37,57915417|34,092003|2017-11-04 09:03:35|1509775415000|14|0|3,000
55,70729910|37,57902606|31,931999|2017-11-04 09:03:36|1509775416000|14|0|3,000
55,70730517|37,57888482|29,880001|2017-11-04 09:03:37|1509775417000|14|0|3,000
55,70733142|37,57876610|28,980001|2017-11-04 09:03:38|1509775418000|14|0|3,000
55,70737418|37,57866510|30,600000|2017-11-04 09:03:39|1509775419000|14|0|3,000
55,70743371|37,57856466|31,032000|2017-11-04 09:03:40|1509775420000|13|0|3,000
55,70750495|37,57850015|34,092003|2017-11-04 09:03:41|1509775421000|14|0|3,000
55,70759002|37,57846776|34,380001|2017-11-04 09:03:42|1509775422000|14|0|3,000
55,70768852|37,57847976|36,504002|2017-11-04 09:03:43|1509775423000|13|0|4,000
55,70775659|37,57852145|32,183998|2017-11-04 09:03:44|1509775424000|13|0|3,000
55,70783722|37,57859114|32,723999|2017-11-04 09:03:45|1509775425000|14|0|4,000
55,70787324|37,57873291|33,875999|2017-11-04 09:03:46|1509775426000|13|0|4,000
55,70789602|37,57889339|35,172001|2017-11-04 09:03:47|1509775427000|13|0|3,000
55,70790329|37,57906621|36,827999|2017-11-04 09:03:48|1509775428000|13|0|3,000
55,70788541|37,57920929|37,260002|2017-11-04 09:03:49|1509775429000|13|0|3,000
55,70783264|37,57936026|38,916000|2017-11-04 09:03:50|1509775430000|13|0|3,000
55,70773225|37,57951440|46,584000|2017-11-04 09:03:51|1509775431000|13|0|3,000
55,70763161|37,57967243|52,272003|2017-11-04 09:03:52|1509775432000|13|0|3,000
55,70754513|37,57981876|46,080002|2017-11-04 09:03:53|1509775433000|13|0|4,000
55,70746343|37,57995696|45,683998|2017-11-04 09:03:54|1509775434000|13|0|5,000
55,70737822|37,58009061|45,396000|2017-11-04 09:03:55|1509775435000|13|0|6,000
55,70726925|37,58028631|50,723999|2017-11-04 09:03:56|1509775436000|13|0|5,000
55,70717363|37,58044752|47,880001|2017-11-04 09:03:57|1509775437000|13|0|4,000
55,70708607|37,58056936|43,416000|2017-11-04 09:03:58|1509775438000|13|0|3,000
55,70698423|37,58067697|40,283997|2017-11-04 09:03:59|1509775439000|12|0|3,000
55,70689284|37,58071692|39,167999|2017-11-04 09:04:00|1509775440000|13|0|4,000
55,70678779|37,58072481|39,851997|2017-11-04 09:04:01|1509775441000|13|0|3,000
55,70669042|37,58070498|40,427998|2017-11-04 09:04:02|1509775442000|12|0|3,000
55,70658357|37,58067373|42,588001|2017-11-04 09:04:03|1509775443000|13|0|4,000
55,70647370|37,58063517|45,792000|2017-11-04 09:04:04|1509775444000|11|0|3,000
55,70635512|37,58059351|49,607998|2017-11-04 09:04:05|1509775445000|9|0|3,000
55,70622908|37,58053931|53,028000|2017-11-04 09:04:06|1509775446000|11|0|3,000
55,70609656|37,58048791|50,760002|2017-11-04 09:04:07|1509775447000|10|0|3,000
55,70596632|37,58040152|54,720001|2017-11-04 09:04:08|1509775448000|10|0|3,000
55,70581660|37,58034058|57,851997|2017-11-04 09:04:09|1509775449000|9|0|3,000
55,70567198|37,58030611|59,291996|2017-11-04 09:04:10|1509775450000|11|0|3,000
55,70553136|37,58024690|58,860001|2017-11-04 09:04:11|1509775451000|11|0|3,000
55,70539050|37,58019131|57,419998|2017-11-04 09:04:12|1509775452000|11|0|4,000
55,70523598|37,58014187|59,939999|2017-11-04 09:04:13|1509775453000|11|0|4,000
55,70504859|37,58012172|69,408005|2017-11-04 09:04:14|1509775454000|11|0|4,000
55,70489094|37,58010261|68,040001|2017-11-04 09:04:15|1509775455000|11|0|4,000
55,70474111|37,58003966|67,176003|2017-11-04 09:04:16|1509775456000|12|0|4,000
55,70457320|37,57999172|67,788002|2017-11-04 09:04:17|1509775457000|10|0|4,000
55,70440684|37,57994758|69,120003|2017-11-04 09:04:18|1509775458000|12|0|4,000
55,70425256|37,57985663|64,979996|2017-11-04 09:04:19|1509775459000|12|0|3,000
55,70410864|37,57978217|63,539997|2017-11-04 09:04:20|1509775460000|12|0|3,000
55,70394443|37,57972818|62,244003|2017-11-04 09:04:21|1509775461000|11|0|3,000
55,70379039|37,57967259|61,560001|2017-11-04 09:04:22|1509775462000|12|0|3,000
55,70363000|37,57961610|59,076000|2017-11-04 09:04:23|1509775463000|11|0|3,000
55,70350852|37,57955262|54,612000|2017-11-04 09:04:24|1509775464000|10|0|3,000
55,70337685|37,57951313|51,480000|2017-11-04 09:04:25|1509775465000|10|0|3,000
55,70325037|37,57947079|49,896000|2017-11-04 09:04:26|1509775466000|9|0|3,000
55,70313302|37,57944011|47,304001|2017-11-04 09:04:27|1509775467000|10|0|3,000
55,70301787|37,57940673|46,403999|2017-11-04 09:04:28|1509775468000|11|0|4,000
55,70292049|37,57935273|40,500000|2017-11-04 09:04:29|1509775469000|8|0|4,000
55,70283407|37,57933284|34,307999|2017-11-04 09:04:30|1509775470000|10|0|4,000
55,70275350|37,57930522|30,383999|2017-11-04 09:04:31|1509775471000|11|0|3,000
55,70269297|37,57927803|22,320000|2017-11-04 09:04:32|1509775472000|11|0|3,000
55,70264500|37,57927047|17,208000|2017-11-04 09:04:33|1509775473000|10|0|4,000
55,70261153|37,57927534|11,195999|2017-11-04 09:04:34|1509775474000|13|0|3,000
55,70258701|37,57927419|9,216000|2017-11-04 09:04:35|1509775475000|14|0|3,000
55,70257427|37,57925665|7,920000|2017-11-04 09:04:36|1509775476000|13|0|3,000
55,70255744|37,57924072|6,300000|2017-11-04 09:04:37|1509775477000|12|0|3,000
55,70254568|37,57923965|2,412000|2017-11-04 09:04:38|1509775478000|12|0|3,000
55,70253962|37,57923637|1,980000|2017-11-04 09:04:39|1509775479000|12|0|4,000
55,70254310|37,57923089|0,864000|2017-11-04 09:04:40|1509775480000|13|0|3,000
55,70253683|37,57924443|0,576000|2017-11-04 09:04:41|1509775481000|13|0|3,000
55,70253714|37,57924584|0,900000|2017-11-04 09:04:42|1509775482000|14|0|3,000
55,70253206|37,57925804|0,936000|2017-11-04 09:04:43|1509775483000|13|0|3,000
55,70252908|37,57927935|0,864000|2017-11-04 09:04:44|1509775484000|13|0|3,000
55,70252842|37,57926844|0,648000|2017-11-04 09:04:45|1509775485000|13|0|3,000
55,70253152|37,57927088|0,000000|2017-11-04 09:04:46|1509775486000|14|0|3,000
55,70253473|37,57927537|0,000000|2017-11-04 09:04:47|1509775487000|12|0|3,000
55,70253526|37,57927841|0,000000|2017-11-04 09:04:48|1509775488000|12|0|3,000
55,70253613|37,57928384|0,000000|2017-11-04 09:04:49|1509775489000|12|0|3,000
55,70253960|37,57928449|0,000000|2017-11-04 09:04:50|1509775490000|11|0|3,000
55,70253957|37,57928166|0,000000|2017-11-04 09:04:51|1509775491000|11|0|3,000
55,70253980|37,57927809|0,000000|2017-11-04 09:04:52|1509775492000|11|0|3,000
55,70253856|37,57927544|0,000000|2017-11-04 09:04:53|1509775493000|10|0|3,000
55,70253856|37,57927544|0,000000|2017-11-04 09:04:54|1509775494000|10|0|4,000
55,70253849|37,57927598|0,000000|2017-11-04 09:04:55|1509775495000|10|0|3,000
55,70253831|37,57927619|0,000000|2017-11-04 09:04:56|1509775496000|9|0|4,000
55,70253837|37,57927687|0,000000|2017-11-04 09:04:57|1509775497000|11|0|4,000
55,70253840|37,57927710|0,000000|2017-11-04 09:04:58|1509775498000|14|0|4,000
55,70253831|37,57927728|0,000000|2017-11-04 09:04:59|1509775499000|12|0|4,000
55,70253806|37,57927778|0,000000|2017-11-04 09:05:00|1509775500000|10|0|4,000
55,70253772|37,57927859|0,000000|2017-11-04 09:05:01|1509775501000|11|0|5,000
55,70253737|37,57927923|0,000000|2017-11-04 09:05:02|1509775502000|11|0|5,000
55,70253746|37,57927921|0,000000|2017-11-04 09:05:03|1509775503000|9|0|5,000
55,70253748|37,57927936|0,000000|2017-11-04 09:05:04|1509775504000|10|0|5,000
55,70253756|37,57927927|0,000000|2017-11-04 09:05:05|1509775505000|9|0|4,000
55,70253760|37,57927934|0,000000|2017-11-04 09:05:06|1509775506000|10|0|4,000
55,70253761|37,57927933|0,000000|2017-11-04 09:05:07|1509775507000|11|0|4,000
55,70253760|37,57927925|0,000000|2017-11-04 09:05:08|1509775508000|9|0|3,000
55,70253762|37,57927921|0,000000|2017-11-04 09:05:09|1509775509000|11|0|3,000
55,70253754|37,57927929|0,000000|2017-11-04 09:05:10|1509775510000|11|0|4,000
55,70253755|37,57927930|0,000000|2017-11-04 09:05:11|1509775511000|11|0|3,000
55,70253772|37,57927904|0,000000|2017-11-04 09:05:12|1509775512000|11|0|3,000
55,70253805|37,57927870|0,000000|2017-11-04 09:05:13|1509775513000|13|0|3,000
55,70253685|37,57927855|1,908000|2017-11-04 09:05:14|1509775514000|13|0|3,000
55,70252788|37,57928122|4,860000|2017-11-04 09:05:15|1509775515000|12|0|3,000
55,70250528|37,57928026|9,936000|2017-11-04 09:05:16|1509775516000|11|0|3,000
55,70246715|37,57926911|15,119999|2017-11-04 09:05:17|1509775517000|9|0|3,000
55,70241976|37,57925193|21,924000|2017-11-04 09:05:18|1509775518000|11|0|3,000
55,70236777|37,57923754|21,455999|2017-11-04 09:05:19|1509775519000|13|0|3,000
55,70231240|37,57921183|21,384001|2017-11-04 09:05:20|1509775520000|13|0|3,000
55,70227037|37,57919628|20,160000|2017-11-04 09:05:21|1509775521000|11|0|3,000
55,70221812|37,57918772|25,740000|2017-11-04 09:05:22|1509775522000|13|0|3,000
55,70214920|37,57917085|28,260000|2017-11-04 09:05:23|1509775523000|13|0|3,000
55,70207290|37,57913916|31,032000|2017-11-04 09:05:24|1509775524000|10|0|3,000
55,70198988|37,57910746|34,200001|2017-11-04 09:05:25|1509775525000|11|0|3,000
55,70187168|37,57912099|38,340000|2017-11-04 09:05:26|1509775526000|12|0|4,000
55,70178445|37,57908163|35,748001|2017-11-04 09:05:27|1509775527000|12|0|3,000
55,70170097|37,57903024|35,639999|2017-11-04 09:05:28|1509775528000|12|0|3,000
55,70160777|37,57898709|36,863998|2017-11-04 09:05:29|1509775529000|11|0|3,000
55,70151615|37,57895094|37,584000|2017-11-04 09:05:30|1509775530000|12|0|4,000
55,70143842|37,57891877|35,604000|2017-11-04 09:05:31|1509775531000|13|0|4,000
55,70133960|37,57887702|39,456001|2017-11-04 09:05:32|1509775532000|12|0|4,000
55,70122743|37,57884001|42,119999|2017-11-04 09:05:33|1509775533000|13|0|4,000
55,70112502|37,57879595|41,939999|2017-11-04 09:05:34|1509775534000|13|0|4,000
55,70101034|37,57875107|43,596001|2017-11-04 09:05:35|1509775535000|12|0|4,000
55,70090568|37,57870814|45,792000|2017-11-04 09:05:36|1509775536000|12|0|3,000
55,70078875|37,57867216|46,799999|2017-11-04 09:05:37|1509775537000|12|0|3,000
55,70067808|37,57863808|46,403999|2017-11-04 09:05:38|1509775538000|12|0|3,000
55,70056252|37,57860636|45,792000|2017-11-04 09:05:39|1509775539000|13|0|3,000
55,70045163|37,57856550|45,539997|2017-11-04 09:05:40|1509775540000|12|0|3,000
55,70033564|37,57853067|46,295998|2017-11-04 09:05:41|1509775541000|12|0|3,000
55,70021833|37,57849242|47,375999|2017-11-04 09:05:42|1509775542000|12|0|3,000
55,70008810|37,57845843|48,599998|2017-11-04 09:05:43|1509775543000|12|0|3,000
55,69997405|37,57841401|48,995998|2017-11-04 09:05:44|1509775544000|11|0|3,000
55,69984929|37,57837891|49,860001|2017-11-04 09:05:45|1509775545000|11|0|3,000
55,69972754|37,57831038|51,588001|2017-11-04 09:05:46|1509775546000|12|0|3,000
55,69960306|37,57825963|54,000000|2017-11-04 09:05:47|1509775547000|11|0|3,000
55,69946461|37,57820715|56,268002|2017-11-04 09:05:48|1509775548000|9|0|3,000
55,69933621|37,57814975|57,708004|2017-11-04 09:05:49|1509775549000|9|0|3,000
55,69918359|37,57809355|61,020004|2017-11-04 09:05:50|1509775550000|11|0|3,000
55,69903374|37,57803374|60,875999|2017-11-04 09:05:51|1509775551000|11|0|3,000
55,69889040|37,57799224|59,975998|2017-11-04 09:05:52|1509775552000|11|0|3,000
55,69874011|37,57793923|59,975998|2017-11-04 09:05:53|1509775553000|11|0|4,000
55,69859257|37,57790493|59,615997|2017-11-04 09:05:54|1509775554000|11|0|4,000
55,69844833|37,57784954|59,327999|2017-11-04 09:05:55|1509775555000|11|0|3,000
55,69830093|37,57779342|57,779999|2017-11-04 09:05:56|1509775556000|11|0|3,000
55,69816957|37,57774097|57,960003|2017-11-04 09:05:57|1509775557000|10|0|4,000
55,69803022|37,57769408|56,700001|2017-11-04 09:05:58|1509775558000|11|0|3,000
55,69788123|37,57764664|56,772003|2017-11-04 09:05:59|1509775559000|12|0|3,000
55,69774995|37,57759375|57,348000|2017-11-04 09:06:00|1509775560000|12|0|3,000
55,69761182|37,57753744|57,419998|2017-11-04 09:06:01|1509775561000|12|0|3,000
55,69745939|37,57748989|57,672001|2017-11-04 09:06:02|1509775562000|12|0|3,000
55,69732751|37,57743280|58,644005|2017-11-04 09:06:03|1509775563000|11|0|3,000
55,69717945|37,57738112|58,248001|2017-11-04 09:06:04|1509775564000|11|0|3,000
55,69704760|37,57733445|57,419998|2017-11-04 09:06:05|1509775565000|11|0|3,000
55,69691013|37,57727625|56,592003|2017-11-04 09:06:06|1509775566000|13|0|3,000
55,69676952|37,57720947|56,051998|2017-11-04 09:06:07|1509775567000|12|0|3,000
55,69664225|37,57716753|55,295998|2017-11-04 09:06:08|1509775568000|12|0|3,000
55,69650708|37,57712735|55,223999|2017-11-04 09:06:09|1509775569000|12|0|3,000
55,69636816|37,57708040|55,872002|2017-11-04 09:06:10|1509775570000|13|0|3,000
55,69623125|37,57703165|55,944000|2017-11-04 09:06:11|1509775571000|12|0|3,000
55,69608508|37,57697104|56,627998|2017-11-04 09:06:12|1509775572000|13|0|3,000
55,69595437|37,57691857|56,700001|2017-11-04 09:06:13|1509775573000|12|0|3,000
55,69581574|37,57686566|56,231998|2017-11-04 09:06:14|1509775574000|12|0|3,000
55,69566908|37,57682579|55,872002|2017-11-04 09:06:15|1509775575000|12|0|3,000
55,69554282|37,57679038|55,152000|2017-11-04 09:06:16|1509775576000|12|0|3,000
55,69540994|37,57674263|53,604000|2017-11-04 09:06:17|1509775577000|12|0|3,000
55,69526840|37,57669469|54,072002|2017-11-04 09:06:18|1509775578000|12|0|3,000
55,69514215|37,57665227|54,504002|2017-11-04 09:06:19|1509775579000|12|0|3,000
55,69500121|37,57659906|53,820000|2017-11-04 09:06:20|1509775580000|11|0|3,000
55,69487498|37,57655145|53,855999|2017-11-04 09:06:21|1509775581000|11|0|3,000
55,69474250|37,57649787|54,468002|2017-11-04 09:06:22|1509775582000|12|0|3,000
55,69459961|37,57643688|54,863998|2017-11-04 09:06:23|1509775583000|12|0|3,000
55,69446947|37,57640087|55,980000|2017-11-04 09:06:24|1509775584000|12|0|3,000
55,69433019|37,57636369|56,807999|2017-11-04 09:06:25|1509775585000|12|0|3,000
55,69418913|37,57632003|56,987999|2017-11-04 09:06:26|1509775586000|12|0|3,000
55,69404379|37,57627122|56,807999|2017-11-04 09:06:27|1509775587000|12|0|3,000
55,69390802|37,57622723|55,692001|2017-11-04 09:06:28|1509775588000|8|0|3,000
55,69377363|37,57618608|55,655998|2017-11-04 09:06:29|1509775589000|8|0|3,000
55,69363085|37,57614343|55,403999|2017-11-04 09:06:30|1509775590000|11|0|3,000
55,69349030|37,57609933|56,088001|2017-11-04 09:06:31|1509775591000|11|0|4,000
55,69336533|37,57604582|52,380001|2017-11-04 09:06:32|1509775592000|13|0|4,000
55,69324780|37,57598907|50,363998|2017-11-04 09:06:33|1509775593000|12|0|3,000
55,69314153|37,57593777|46,764000|2017-11-04 09:06:34|1509775594000|10|0|3,000
55,69302130|37,57593694|47,663998|2017-11-04 09:06:35|1509775595000|13|0|3,000
55,69290146|37,57587729|49,104000|2017-11-04 09:06:36|1509775596000|12|0|3,000
55,69277916|37,57581934|50,472000|2017-11-04 09:06:37|1509775597000|11|0|3,000
55,69266270|37,57575388|49,896000|2017-11-04 09:06:38|1509775598000|10|0|3,000
55,69253322|37,57573354|52,020000|2017-11-04 09:06:39|1509775599000|10|0|3,000
55,69241118|37,57568897|52,020000|2017-11-04 09:06:40|1509775600000|10|0|4,000
55,69229791|37,57562503|49,931999|2017-11-04 09:06:41|1509775601000|13|0|3,000
55,69217947|37,57557219|50,183998|2017-11-04 09:06:42|1509775602000|11|0|4,000
55,69205985|37,57553353|49,500000|2017-11-04 09:06:43|1509775603000|10|0|3,000
55,69194003|37,57545738|51,084000|2017-11-04 09:06:44|1509775604000|12|0|3,000
55,69182838|37,57540526|53,172001|2017-11-04 09:06:45|1509775605000|11|0|3,000
55,69169188|37,57537258|55,260002|2017-11-04 09:06:46|1509775606000|11|0|3,000
55,69154559|37,57532375|57,204002|2017-11-04 09:06:47|1509775607000|11|0|3,000
55,69140137|37,57527525|61,236000|2017-11-04 09:06:48|1509775608000|10|0|3,000
55,69124762|37,57522394|61,236000|2017-11-04 09:06:49|1509775609000|10|0|4,000
55,69109400|37,57517868|62,820004|2017-11-04 09:06:50|1509775610000|11|0|3,000
55,69094390|37,57513020|62,748001|2017-11-04 09:06:51|1509775611000|10|0|3,000
55,69079365|37,57506736|60,515999|2017-11-04 09:06:52|1509775612000|10|0|3,000
55,69064279|37,57502053|57,996002|2017-11-04 09:06:53|1509775613000|11|0|3,000
55,69049597|37,57497850|57,996002|2017-11-04 09:06:54|1509775614000|11|0|4,000
55,69035947|37,57493745|56,916000|2017-11-04 09:06:55|1509775615000|11|0|4,000
55,69023105|37,57489419|53,136002|2017-11-04 09:06:56|1509775616000|11|0|3,000
55,69010200|37,57485019|50,076000|2017-11-04 09:06:57|1509775617000|11|0|3,000
55,68998180|37,57480088|49,860001|2017-11-04 09:06:58|1509775618000|9|0|3,000
55,68985575|37,57476919|48,312000|2017-11-04 09:06:59|1509775619000|11|0|3,000
55,68973452|37,57472509|46,403999|2017-11-04 09:07:00|1509775620000|11|0|3,000
55,68962549|37,57467857|42,840000|2017-11-04 09:07:01|1509775621000|10|0|3,000
55,68953425|37,57462109|41,507999|2017-11-04 09:07:02|1509775622000|9|0|3,000
55,68943023|37,57458419|41,507999|2017-11-04 09:07:03|1509775623000|9|0|4,000
55,68933133|37,57455221|42,084000|2017-11-04 09:07:04|1509775624000|11|0|3,000
55,68922645|37,57452141|42,299999|2017-11-04 09:07:05|1509775625000|9|0|3,000
55,68911316|37,57447971|42,731998|2017-11-04 09:07:06|1509775626000|10|0|3,000
55,68901445|37,57443543|41,292000|2017-11-04 09:07:07|1509775627000|10|0|3,000
55,68890862|37,57438029|42,048000|2017-11-04 09:07:08|1509775628000|11|0|3,000
55,68883132|37,57429423|36,863998|2017-11-04 09:07:09|1509775629000|12|0|3,000
55,68876104|37,57422138|35,351997|2017-11-04 09:07:10|1509775630000|11|0|3,000
55,68868381|37,57413819|36,431999|2017-11-04 09:07:11|1509775631000|11|0|3,000
55,68860487|37,57404193|37,403999|2017-11-04 09:07:12|1509775632000|10|0|3,000
55,68853125|37,57396015|36,827999|2017-11-04 09:07:13|1509775633000|11|0|3,000
55,68845007|37,57387427|37,619999|2017-11-04 09:07:14|1509775634000|12|0|3,000
55,68836357|37,57377882|39,924000|2017-11-04 09:07:15|1509775635000|11|0|3,000
55,68827482|37,57368548|39,312000|2017-11-04 09:07:16|1509775636000|11|0|3,000
55,68819862|37,57360924|37,907997|2017-11-04 09:07:17|1509775637000|12|0|3,000
55,68811397|37,57352428|37,872002|2017-11-04 09:07:18|1509775638000|13|0|3,000
55,68802908|37,57342952|38,556000|2017-11-04 09:07:19|1509775639000|13|0|3,000
55,68794509|37,57334726|39,816002|2017-11-04 09:07:20|1509775640000|13|0|3,000
55,68785343|37,57325220|42,012001|2017-11-04 09:07:21|1509775641000|13|0|3,000
55,68775232|37,57314771|42,840000|2017-11-04 09:07:22|1509775642000|13|0|3,000
55,68767443|37,57306407|42,084000|2017-11-04 09:07:23|1509775643000|13|0|3,000
55,68757609|37,57295370|43,307999|2017-11-04 09:07:24|1509775644000|13|0|3,000
55,68748737|37,57286551|43,739998|2017-11-04 09:07:25|1509775645000|12|0|3,000
55,68739930|37,57277039|43,236000|2017-11-04 09:07:26|1509775646000|12|0|3,000
55,68729399|37,57265676|45,324001|2017-11-04 09:07:27|1509775647000|11|0|4,000
55,68720604|37,57255553|45,107998|2017-11-04 09:07:28|1509775648000|11|0|4,000
55,68711227|37,57247545|43,380001|2017-11-04 09:07:29|1509775649000|12|0|4,000
55,68701259|37,57237540|44,568001|2017-11-04 09:07:30|1509775650000|12|0|3,000
55,68691925|37,57227588|43,632000|2017-11-04 09:07:31|1509775651000|14|0|4,000
55,68681460|37,57215538|41,760002|2017-11-04 09:07:32|1509775652000|12|0|3,000
55,68673460|37,57206869|39,276001|2017-11-04 09:07:33|1509775653000|11|0|3,000
55,68666404|37,57198659|38,375999|2017-11-04 09:07:34|1509775654000|12|0|3,000
55,68657624|37,57188115|37,764000|2017-11-04 09:07:35|1509775655000|11|0|3,000
55,68648404|37,57178115|42,048000|2017-11-04 09:07:36|1509775656000|10|0|3,000
55,68639848|37,57168264|43,416000|2017-11-04 09:07:37|1509775657000|9|0|3,000
55,68630598|37,57158177|46,872002|2017-11-04 09:07:38|1509775658000|10|0|3,000
55,68620721|37,57148443|47,268002|2017-11-04 09:07:39|1509775659000|9|0|4,000
55,68610515|37,57137005|47,268002|2017-11-04 09:07:40|1509775660000|9|0|5,000
55,68601496|37,57126028|49,716003|2017-11-04 09:07:41|1509775661000|10|0|5,000
55,68591292|37,57114881|52,163998|2017-11-04 09:07:42|1509775662000|10|0|4,000
55,68579418|37,57103164|51,588001|2017-11-04 09:07:43|1509775663000|11|0|4,000
55,68568624|37,57092489|51,588001|2017-11-04 09:07:44|1509775664000|11|0|5,000
55,68554225|37,57079174|54,683998|2017-11-04 09:07:45|1509775665000|7|0|4,000
55,68542929|37,57067417|54,683998|2017-11-04 09:07:46|1509775666000|7|0|5,000
55,68528529|37,57053143|57,312000|2017-11-04 09:07:47|1509775667000|8|0|5,000
55,68515770|37,57040403|57,312000|2017-11-04 09:07:48|1509775668000|8|0|6,000
55,68504173|37,57030976|55,799999|2017-11-04 09:07:49|1509775669000|9|0|5,000
55,68491913|37,57015978|54,072002|2017-11-04 09:07:50|1509775670000|9|0|5,000
55,68481569|37,57003419|52,919998|2017-11-04 09:07:51|1509775671000|9|0|5,000
55,68469581|37,56993760|52,992001|2017-11-04 09:07:52|1509775672000|7|0|5,000
55,68457990|37,56981350|52,992001|2017-11-04 09:07:53|1509775673000|7|0|6,000
55,68444826|37,56967642|56,016003|2017-11-04 09:07:54|1509775674000|11|0|5,000
55,68433801|37,56956393|57,383999|2017-11-04 09:07:55|1509775675000|8|0|5,000
55,68421300|37,56942834|57,383999|2017-11-04 09:07:56|1509775676000|8|0|6,000
55,68406765|37,56927485|63,000000|2017-11-04 09:07:57|1509775677000|8|0|4,000
55,68392396|37,56913366|61,091999|2017-11-04 09:07:58|1509775678000|7|0|5,000
55,68379926|37,56898886|60,012001|2017-11-04 09:07:59|1509775679000|9|0|5,000
55,68367902|37,56886786|58,608002|2017-11-04 09:08:00|1509775680000|8|0|6,000
55,68354408|37,56876051|57,024002|2017-11-04 09:08:01|1509775681000|8|0|8,000
55,68343432|37,56863774|55,907997|2017-11-04 09:08:02|1509775682000|11|0|8,000
55,68332931|37,56852417|54,576000|2017-11-04 09:08:03|1509775683000|11|0|5,000
55,68320929|37,56841209|52,956001|2017-11-04 09:08:04|1509775684000|11|0|5,000
55,68311137|37,56826309|50,903999|2017-11-04 09:08:05|1509775685000|10|0|5,000
55,68300133|37,56814354|49,175999|2017-11-04 09:08:06|1509775686000|8|0|5,000
55,68289408|37,56802747|49,175999|2017-11-04 09:08:07|1509775687000|8|0|6,000
55,68279353|37,56791866|49,175999|2017-11-04 09:08:08|1509775688000|8|0|7,000
55,68275262|37,56785783|36,720001|2017-11-04 09:08:09|1509775689000|8|0|9,000
55,68267168|37,56779192|29,232000|2017-11-04 09:08:10|1509775690000|9|0|8,000
55,68262334|37,56773890|25,271999|2017-11-04 09:08:11|1509775691000|9|0|7,000
55,68256797|37,56768002|25,271999|2017-11-04 09:08:12|1509775692000|9|0|8,000
55,68250811|37,56762518|28,296001|2017-11-04 09:08:13|1509775693000|9|0|6,000
55,68244733|37,56755589|28,296001|2017-11-04 09:08:14|1509775694000|9|0|7,000
55,68235853|37,56745522|35,604000|2017-11-04 09:08:15|1509775695000|8|0|6,000
55,68228355|37,56738315|35,604000|2017-11-04 09:08:16|1509775696000|8|0|7,000
55,68220573|37,56732103|40,751999|2017-11-04 09:08:17|1509775697000|7|0|5,000
55,68212240|37,56723078|40,751999|2017-11-04 09:08:18|1509775698000|7|0|6,000
55,68202625|37,56714098|39,743999|2017-11-04 09:08:19|1509775699000|8|0|5,000
55,68193995|37,56704607|39,743999|2017-11-04 09:08:20|1509775700000|8|0|7,000
55,68184475|37,56694094|44,243999|2017-11-04 09:08:21|1509775701000|8|0|5,000
55,68173532|37,56682312|46,836002|2017-11-04 09:08:22|1509775702000|9|0|5,000
55,68163214|37,56670048|50,112000|2017-11-04 09:08:23|1509775703000|9|0|5,000
55,68152348|37,56658158|51,731998|2017-11-04 09:08:24|1509775704000|9|0|5,000
55,68141000|37,56648777|52,452000|2017-11-04 09:08:25|1509775705000|9|0|4,000
55,68130537|37,56637316|50,760002|2017-11-04 09:08:26|1509775706000|12|0|4,000
55,68120506|37,56627850|50,292000|2017-11-04 09:08:27|1509775707000|9|0|3,000
55,68109549|37,56615955|50,292000|2017-11-04 09:08:28|1509775708000|9|0|4,000
55,68096702|37,56600385|55,223999|2017-11-04 09:08:29|1509775709000|7|0|3,000
55,68084715|37,56587192|55,223999|2017-11-04 09:08:30|1509775710000|7|0|4,000
55,68072942|37,56574842|53,531998|2017-11-04 09:08:31|1509775711000|9|0|3,000
55,68062797|37,56563808|51,731998|2017-11-04 09:08:32|1509775712000|9|0|4,000
55,68051184|37,56551403|51,192001|2017-11-04 09:08:33|1509775713000|8|0|4,000
55,68040374|37,56539654|50,400002|2017-11-04 09:08:34|1509775714000|9|0|4,000
55,68029264|37,56527676|49,968002|2017-11-04 09:08:35|1509775715000|11|0|4,000
55,68017399|37,56515489|50,903999|2017-11-04 09:08:36|1509775716000|11|0|4,000
55,68007588|37,56505187|47,736000|2017-11-04 09:08:37|1509775717000|11|0|4,000
55,67999073|37,56493692|48,132000|2017-11-04 09:08:38|1509775718000|9|0|4,000
55,67988686|37,56482040|48,132000|2017-11-04 09:08:39|1509775719000|9|0|5,000
55,67979469|37,56472032|46,764000|2017-11-04 09:08:40|1509775720000|10|0|4,000
55,67969193|37,56459885|46,043999|2017-11-04 09:08:41|1509775721000|9|0|4,000
55,67959469|37,56448809|45,539997|2017-11-04 09:08:42|1509775722000|9|0|4,000
55,67949876|37,56439186|44,424000|2017-11-04 09:08:43|1509775723000|9|0|4,000
55,67939764|37,56429837|44,712002|2017-11-04 09:08:44|1509775724000|9|0|3,000
55,67930788|37,56421630|45,431999|2017-11-04 09:08:45|1509775725000|7|0|4,000
55,67922380|37,56412610|42,768002|2017-11-04 09:08:46|1509775726000|9|0|4,000
55,67913980|37,56403837|38,880001|2017-11-04 09:08:47|1509775727000|9|0|3,000
55,67906008|37,56395295|38,880001|2017-11-04 09:08:48|1509775728000|9|0|4,000
55,67898615|37,56386972|29,232000|2017-11-04 09:08:49|1509775729000|10|0|4,000
55,67892336|37,56380692|27,000000|2017-11-04 09:08:50|1509775730000|9|0|3,000
55,67886473|37,56375027|24,948000|2017-11-04 09:08:51|1509775731000|9|0|4,000
55,67881084|37,56369541|21,959999|2017-11-04 09:08:52|1509775732000|9|0|4,000
55,67876923|37,56363836|16,884001|2017-11-04 09:08:53|1509775733000|8|0|4,000
55,67873406|37,56360672|13,644000|2017-11-04 09:08:54|1509775734000|9|0|5,000
55,67870746|37,56357999|10,944000|2017-11-04 09:08:55|1509775735000|8|0|5,000
55,67869692|37,56355797|7,884000|2017-11-04 09:08:56|1509775736000|10|0|4,000
55,67867524|37,56354741|6,948000|2017-11-04 09:08:57|1509775737000|9|0|5,000
55,67865955|37,56353243|6,948000|2017-11-04 09:08:58|1509775738000|9|0|6,000
55,67864485|37,56351838|6,948000|2017-11-04 09:08:59|1509775739000|9|0|7,000
55,67865219|37,56352549|0,000000|2017-11-04 09:09:00|1509775740000|10|0|7,000
55,67864732|37,56351967|0,000000|2017-11-04 09:09:01|1509775741000|10|0|6,000
55,67864000|37,56352319|0,000000|2017-11-04 09:09:02|1509775742000|10|0|6,000
55,67863613|37,56351734|0,000000|2017-11-04 09:09:03|1509775743000|10|0|5,000
55,67863914|37,56350962|0,000000|2017-11-04 09:09:04|1509775744000|11|0|5,000
55,67863951|37,56350900|1,548000|2017-11-04 09:09:05|1509775745000|10|0|4,000
55,67863773|37,56350402|0,000000|2017-11-04 09:09:06|1509775746000|10|0|4,000
55,67863767|37,56349570|0,000000|2017-11-04 09:09:07|1509775747000|11|0|4,000
55,67863562|37,56349560|0,000000|2017-11-04 09:09:08|1509775748000|11|0|4,000
55,67862875|37,56350057|0,000000|2017-11-04 09:09:09|1509775749000|11|0|5,000
55,67862580|37,56350143|0,000000|2017-11-04 09:09:10|1509775750000|10|0|5,000
55,67862824|37,56349480|0,000000|2017-11-04 09:09:11|1509775751000|10|0|4,000
55,67862495|37,56349205|0,000000|2017-11-04 09:09:12|1509775752000|9|0|4,000
55,67862351|37,56348819|0,000000|2017-11-04 09:09:13|1509775753000|10|0|4,000
55,67861893|37,56349217|0,000000|2017-11-04 09:09:14|1509775754000|10|0|4,000
55,67861773|37,56349060|0,000000|2017-11-04 09:09:15|1509775755000|10|0|4,000
55,67861605|37,56349175|0,000000|2017-11-04 09:09:16|1509775756000|8|0|5,000
55,67861627|37,56349126|0,000000|2017-11-04 09:09:17|1509775757000|10|0|4,000
55,67861640|37,56349096|0,000000|2017-11-04 09:09:18|1509775758000|8|0|4,000
55,67861642|37,56349090|0,000000|2017-11-04 09:09:19|1509775759000|8|0|4,000
55,67861642|37,56349090|0,000000|2017-11-04 09:09:20|1509775760000|8|0|4,000
55,67861636|37,56349091|0,000000|2017-11-04 09:09:21|1509775761000|9|0|3,000
55,67861634|37,56349090|0,000000|2017-11-04 09:09:22|1509775762000|8|0|3,000
55,67861638|37,56349093|0,000000|2017-11-04 09:09:23|1509775763000|11|0|3,000
55,67861640|37,56349085|0,000000|2017-11-04 09:09:24|1509775764000|9|0|3,000
55,67861640|37,56349085|0,000000|2017-11-04 09:09:25|1509775765000|9|0|4,000
55,67861636|37,56349091|0,000000|2017-11-04 09:09:26|1509775766000|9|0|3,000
55,67861803|37,56349087|1,728000|2017-11-04 09:09:27|1509775767000|10|0|3,000
55,67861713|37,56348862|0,000000|2017-11-04 09:09:28|1509775768000|9|0|3,000
55,67862904|37,56349849|0,000000|2017-11-04 09:09:29|1509775769000|8|0|3,000
55,67862720|37,56349329|0,000000|2017-11-04 09:09:30|1509775770000|10|0|3,000
55,67862420|37,56349007|10,980000|2017-11-04 09:09:31|1509775771000|8|0|3,000
55,67858451|37,56344456|17,208000|2017-11-04 09:09:32|1509775772000|9|0|3,000
55,67853899|37,56337722|18,036001|2017-11-04 09:09:33|1509775773000|9|0|3,000
55,67849905|37,56333866|17,927999|2017-11-04 09:09:34|1509775774000|9|0|3,000
55,67845559|37,56328111|20,303999|2017-11-04 09:09:35|1509775775000|9|0|3,000
55,67840311|37,56322381|26,891998|2017-11-04 09:09:36|1509775776000|9|0|3,000
55,67834584|37,56315333|31,716002|2017-11-04 09:09:37|1509775777000|9|0|3,000
55,67827314|37,56307878|36,468002|2017-11-04 09:09:38|1509775778000|11|0|3,000
55,67819665|37,56302306|34,883999|2017-11-04 09:09:39|1509775779000|11|0|4,000
55,67812374|37,56293405|36,251999|2017-11-04 09:09:40|1509775780000|11|0|3,000
55,67804763|37,56285602|40,427998|2017-11-04 09:09:41|1509775781000|11|0|3,000
55,67795279|37,56275547|44,243999|2017-11-04 09:09:42|1509775782000|11|0|3,000
55,67784289|37,56265111|47,124001|2017-11-04 09:09:43|1509775783000|10|0|3,000
55,67774521|37,56255996|46,188000|2017-11-04 09:09:44|1509775784000|11|0|3,000
55,67764690|37,56245810|46,764000|2017-11-04 09:09:45|1509775785000|11|0|4,000
55,67753907|37,56235696|47,195999|2017-11-04 09:09:46|1509775786000|12|0|3,000
55,67742919|37,56224892|51,695999|2017-11-04 09:09:47|1509775787000|12|0|3,000
55,67730965|37,56212233|53,316002|2017-11-04 09:09:48|1509775788000|10|0|3,000
55,67719459|37,56200100|54,072002|2017-11-04 09:09:49|1509775789000|9|0|3,000
55,67707542|37,56187265|54,468002|2017-11-04 09:09:50|1509775790000|11|0|3,000
55,67696737|37,56175366|54,756001|2017-11-04 09:09:51|1509775791000|9|0|3,000
55,67685213|37,56162911|55,980000|2017-11-04 09:09:52|1509775792000|9|0|3,000
55,67672598|37,56149424|56,268002|2017-11-04 09:09:53|1509775793000|8|0|3,000
55,67661510|37,56137900|54,144001|2017-11-04 09:09:54|1509775794000|9|0|3,000
55,67649954|37,56124970|51,875999|2017-11-04 09:09:55|1509775795000|9|0|3,000
55,67639174|37,56113480|50,292000|2017-11-04 09:09:56|1509775796000|9|0|3,000
55,67627957|37,56098106|49,968002|2017-11-04 09:09:57|1509775797000|11|0|3,000
55,67617190|37,56086612|50,868000|2017-11-04 09:09:58|1509775798000|9|0|3,000
55,67606175|37,56075397|52,163998|2017-11-04 09:09:59|1509775799000|9|0|3,000
55,67596029|37,56064194|52,020000|2017-11-04 09:10:00|1509775800000|10|0|3,000
55,67584675|37,56052637|52,163998|2017-11-04 09:10:01|1509775801000|9|0|3,000
55,67572856|37,56039363|51,480000|2017-11-04 09:10:02|1509775802000|10|0|3,000
55,67562162|37,56026771|53,388000|2017-11-04 09:10:03|1509775803000|11|0|3,000
55,67550907|37,56014868|52,667999|2017-11-04 09:10:04|1509775804000|12|0|3,000
55,67540145|37,56001999|50,580002|2017-11-04 09:10:05|1509775805000|10|0|3,000
55,67529436|37,55989884|50,076000|2017-11-04 09:10:06|1509775806000|10|0|3,000
55,67518149|37,55977341|51,299999|2017-11-04 09:10:07|1509775807000|10|0|3,000
55,67507747|37,55966303|51,695999|2017-11-04 09:10:08|1509775808000|8|0|3,000
55,67496458|37,55954159|51,695999|2017-11-04 09:10:09|1509775809000|8|0|4,000
55,67485387|37,55942788|53,712002|2017-11-04 09:10:10|1509775810000|9|0|3,000
55,67473641|37,55930099|54,324001|2017-11-04 09:10:11|1509775811000|10|0|3,000
55,67461931|37,55916309|54,360001|2017-11-04 09:10:12|1509775812000|10|0|3,000
55,67449763|37,55904012|54,000000|2017-11-04 09:10:13|1509775813000|9|0|3,000
55,67438595|37,55891373|54,972000|2017-11-04 09:10:14|1509775814000|11|0|3,000
55,67426933|37,55877752|54,468002|2017-11-04 09:10:15|1509775815000|8|0|3,000
55,67415610|37,55865866|53,388000|2017-11-04 09:10:16|1509775816000|9|0|3,000
55,67404831|37,55853805|54,144001|2017-11-04 09:10:17|1509775817000|10|0|3,000
55,67392185|37,55838950|56,124001|2017-11-04 09:10:18|1509775818000|10|0|3,000
55,67380126|37,55825991|55,692001|2017-11-04 09:10:19|1509775819000|9|0|3,000
55,67368865|37,55813648|54,972000|2017-11-04 09:10:20|1509775820000|9|0|3,000
55,67357512|37,55801828|54,972000|2017-11-04 09:10:21|1509775821000|9|0|4,000
55,67345800|37,55790605|53,712002|2017-11-04 09:10:22|1509775822000|8|0|3,000
55,67333845|37,55777662|53,855999|2017-11-04 09:10:23|1509775823000|8|0|3,000
55,67322784|37,55765808|55,188000|2017-11-04 09:10:24|1509775824000|7|0|3,000
55,67311265|37,55752595|52,848000|2017-11-04 09:10:25|1509775825000|9|0|3,000
55,67300657|37,55740355|52,848000|2017-11-04 09:10:26|1509775826000|9|0|4,000
55,67288290|37,55729041|50,436001|2017-11-04 09:10:27|1509775827000|9|0|3,000
55,67278243|37,55717512|48,492001|2017-11-04 09:10:28|1509775828000|9|0|3,000
55,67267519|37,55706735|49,320000|2017-11-04 09:10:29|1509775829000|7|0|3,000
55,67257559|37,55695956|48,204002|2017-11-04 09:10:30|1509775830000|7|0|3,000
55,67247762|37,55685506|47,556000|2017-11-04 09:10:31|1509775831000|7|0|4,000
55,67237364|37,55675650|49,572002|2017-11-04 09:10:32|1509775832000|9|0|4,000
55,67226483|37,55664184|49,572002|2017-11-04 09:10:33|1509775833000|9|0|5,000
55,67215649|37,55651999|50,507999|2017-11-04 09:10:34|1509775834000|8|0|4,000
55,67205227|37,55641104|50,507999|2017-11-04 09:10:35|1509775835000|8|0|4,000
55,67194256|37,55631345|49,968002|2017-11-04 09:10:36|1509775836000|9|0|4,000
55,67183897|37,55621111|52,020000|2017-11-04 09:10:37|1509775837000|10|0|4,000
55,67172603|37,55610354|51,588001|2017-11-04 09:10:38|1509775838000|9|0|4,000
55,67161287|37,55598375|51,588001|2017-11-04 09:10:39|1509775839000|9|0|5,000
55,67150841|37,55587292|50,975998|2017-11-04 09:10:40|1509775840000|9|0|4,000
55,67139716|37,55575288|50,975998|2017-11-04 09:10:41|1509775841000|9|0|5,000
55,67128178|37,55565237|50,292000|2017-11-04 09:10:42|1509775842000|9|0|4,000
55,67116908|37,55553059|48,851997|2017-11-04 09:10:43|1509775843000|9|0|4,000
55,67106036|37,55543381|50,616001|2017-11-04 09:10:44|1509775844000|9|0|4,000
55,67096421|37,55532639|47,340000|2017-11-04 09:10:45|1509775845000|12|0|4,000
55,67086407|37,55522053|44,712002|2017-11-04 09:10:46|1509775846000|9|0|3,000
55,67076618|37,55517137|47,411999|2017-11-04 09:10:47|1509775847000|9|0|4,000
55,67068173|37,55508838|41,652000|2017-11-04 09:10:48|1509775848000|11|0|3,000
55,67059244|37,55498782|41,148003|2017-11-04 09:10:49|1509775849000|12|0|5,000
55,67051336|37,55491559|33,624001|2017-11-04 09:10:50|1509775850000|11|0|3,000
55,67045755|37,55486540|25,596001|2017-11-04 09:10:51|1509775851000|11|0|3,000
55,67040494|37,55481449|21,491999|2017-11-04 09:10:52|1509775852000|10|0|3,000
55,67036594|37,55476069|17,028000|2017-11-04 09:10:53|1509775853000|10|0|4,000
55,67033733|37,55471222|13,068001|2017-11-04 09:10:54|1509775854000|12|0|4,000
55,67030794|37,55469134|9,756001|2017-11-04 09:10:55|1509775855000|10|0|5,000
55,67027546|37,55466957|10,728000|2017-11-04 09:10:56|1509775856000|11|0|5,000
55,67027242|37,55466469|4,752000|2017-11-04 09:10:57|1509775857000|13|0|5,000
55,67025978|37,55465594|3,060000|2017-11-04 09:10:58|1509775858000|13|0|5,000
55,67028503|37,55465772|0,000000|2017-11-04 09:10:59|1509775859000|13|0|4,000
55,67029801|37,55465155|0,000000|2017-11-04 09:11:00|1509775860000|13|0|4,000
55,67030638|37,55464680|0,000000|2017-11-04 09:11:01|1509775861000|13|0|5,000
55,67031232|37,55464381|0,000000|2017-11-04 09:11:02|1509775862000|13|0|5,000
55,67032018|37,55464411|0,000000|2017-11-04 09:11:03|1509775863000|13|0|5,000
55,67032571|37,55465020|0,000000|2017-11-04 09:11:04|1509775864000|13|0|5,000
55,67033333|37,55465395|0,000000|2017-11-04 09:11:05|1509775865000|13|0|5,000
55,67033880|37,55465409|0,000000|2017-11-04 09:11:06|1509775866000|13|0|5,000
55,67034251|37,55465684|0,000000|2017-11-04 09:11:07|1509775867000|13|0|5,000
55,67034118|37,55465722|0,000000|2017-11-04 09:11:08|1509775868000|13|0|5,000
55,67034119|37,55465786|0,000000|2017-11-04 09:11:09|1509775869000|13|0|5,000
55,67034116|37,55465796|0,000000|2017-11-04 09:11:10|1509775870000|13|0|4,000
55,67034110|37,55465779|0,000000|2017-11-04 09:11:11|1509775871000|13|0|4,000
55,67034109|37,55465781|0,000000|2017-11-04 09:11:12|1509775872000|13|0|4,000
55,67034106|37,55465780|0,000000|2017-11-04 09:11:13|1509775873000|13|0|4,000
55,67034104|37,55465769|0,000000|2017-11-04 09:11:14|1509775874000|13|0|4,000
55,67034095|37,55465768|0,000000|2017-11-04 09:11:15|1509775875000|13|0|4,000
55,67034086|37,55465764|0,000000|2017-11-04 09:11:16|1509775876000|13|0|5,000
55,67034030|37,55465619|0,000000|2017-11-04 09:11:17|1509775877000|13|0|6,000
55,67033965|37,55465473|0,000000|2017-11-04 09:11:18|1509775878000|13|0|6,000
55,67033930|37,55465393|0,000000|2017-11-04 09:11:19|1509775879000|13|0|6,000
55,67033907|37,55465367|0,000000|2017-11-04 09:11:20|1509775880000|13|0|7,000
55,67033737|37,55465200|1,332000|2017-11-04 09:11:21|1509775881000|13|0|7,000
55,67031815|37,55463705|4,680000|2017-11-04 09:11:22|1509775882000|13|0|7,000
55,67030458|37,55460740|11,087999|2017-11-04 09:11:23|1509775883000|13|0|6,000
55,67026547|37,55457307|15,372000|2017-11-04 09:11:24|1509775884000|13|0|6,000
55,67023025|37,55453658|16,416000|2017-11-04 09:11:25|1509775885000|13|0|5,000
55,67019049|37,55450623|16,884001|2017-11-04 09:11:26|1509775886000|13|0|5,000
55,67013426|37,55448055|18,684000|2017-11-04 09:11:27|1509775887000|13|0|5,000
55,67006918|37,55449414|21,816000|2017-11-04 09:11:28|1509775888000|13|0|5,000
55,67001080|37,55453297|23,508001|2017-11-04 09:11:29|1509775889000|13|0|5,000
55,66996831|37,55462285|25,775999|2017-11-04 09:11:30|1509775890000|13|0|6,000
55,66990950|37,55474312|29,807999|2017-11-04 09:11:31|1509775891000|13|0|5,000
55,66985389|37,55488323|33,227997|2017-11-04 09:11:32|1509775892000|13|0|5,000
55,66981274|37,55500391|34,272003|2017-11-04 09:11:33|1509775893000|13|0|5,000
55,66976525|37,55513917|34,667999|2017-11-04 09:11:34|1509775894000|13|0|4,000
55,66971517|37,55527806|36,216003|2017-11-04 09:11:35|1509775895000|13|0|5,000
55,66966582|37,55543960|39,096001|2017-11-04 09:11:36|1509775896000|13|0|5,000
55,66962001|37,55558526|38,952000|2017-11-04 09:11:37|1509775897000|13|0|5,000
55,66955979|37,55573861|39,528000|2017-11-04 09:11:38|1509775898000|13|0|4,000
55,66952058|37,55589045|37,764000|2017-11-04 09:11:39|1509775899000|13|0|4,000
55,66945434|37,55606928|40,968002|2017-11-04 09:11:40|1509775900000|13|0|4,000
55,66940256|37,55621274|41,256001|2017-11-04 09:11:41|1509775901000|13|0|4,000
55,66935635|37,55635222|40,931999|2017-11-04 09:11:42|1509775902000|13|0|4,000
55,66930566|37,55648723|37,584000|2017-11-04 09:11:43|1509775903000|13|0|4,000
55,66927376|37,55661524|36,396000|2017-11-04 09:11:44|1509775904000|13|0|5,000
55,66923302|37,55675935|38,304001|2017-11-04 09:11:45|1509775905000|12|0|6,000
55,66917908|37,55693207|40,355999|2017-11-04 09:11:46|1509775906000|12|0|5,000
55,66912550|37,55711159|42,119999|2017-11-04 09:11:47|1509775907000|12|0|4,000
55,66906762|37,55727017|42,407997|2017-11-04 09:11:48|1509775908000|12|0|4,000
55,66901043|37,55743921|44,495998|2017-11-04 09:11:49|1509775909000|12|0|4,000
55,66895415|37,55760959|43,992001|2017-11-04 09:11:50|1509775910000|12|0|5,000
55,66890090|37,55779234|45,936001|2017-11-04 09:11:51|1509775911000|12|0|5,000
55,66883146|37,55797899|47,592003|2017-11-04 09:11:52|1509775912000|13|0|4,000
55,66876659|37,55818531|50,004002|2017-11-04 09:11:53|1509775913000|13|0|4,000
55,66870177|37,55839017|51,516003|2017-11-04 09:11:54|1509775914000|12|0|4,000
55,66864201|37,55857693|51,299999|2017-11-04 09:11:55|1509775915000|13|0|4,000
55,66856955|37,55877272|49,644001|2017-11-04 09:11:56|1509775916000|13|0|4,000
55,66850914|37,55894404|47,556000|2017-11-04 09:11:57|1509775917000|13|0|4,000
55,66844619|37,55911898|46,152000|2017-11-04 09:11:58|1509775918000|13|0|3,000
55,66838531|37,55930595|45,683998|2017-11-04 09:11:59|1509775919000|13|0|3,000
55,66833106|37,55946364|46,007999|2017-11-04 09:12:00|1509775920000|13|0|3,000
55,66828364|37,55962306|45,827999|2017-11-04 09:12:01|1509775921000|13|0|3,000
55,66821907|37,55980201|46,043999|2017-11-04 09:12:02|1509775922000|13|0|3,000
55,66815616|37,55999037|48,779999|2017-11-04 09:12:03|1509775923000|13|0|3,000
55,66808033|37,56019334|49,751999|2017-11-04 09:12:04|1509775924000|13|0|4,000
55,66802424|37,56036943|48,636002|2017-11-04 09:12:05|1509775925000|13|0|3,000
55,66796520|37,56055358|48,456001|2017-11-04 09:12:06|1509775926000|13|0|4,000
55,66788926|37,56076183|48,348000|2017-11-04 09:12:07|1509775927000|12|0|4,000
55,66782439|37,56094036|47,051998|2017-11-04 09:12:08|1509775928000|12|0|4,000
55,66776748|37,56112758|45,936001|2017-11-04 09:12:09|1509775929000|10|0|4,000
55,66770618|37,56130547|45,216003|2017-11-04 09:12:10|1509775930000|10|0|3,000
55,66765530|37,56146110|44,495998|2017-11-04 09:12:11|1509775931000|10|0|3,000
55,66760805|37,56160595|39,636002|2017-11-04 09:12:12|1509775932000|10|0|4,000
55,66756619|37,56173310|35,279999|2017-11-04 09:12:13|1509775933000|10|0|3,000
55,66751805|37,56186850|35,712002|2017-11-04 09:12:14|1509775934000|10|0|4,000
55,66746682|37,56199469|33,731998|2017-11-04 09:12:15|1509775935000|10|0|4,000
55,66742820|37,56210029|32,327999|2017-11-04 09:12:16|1509775936000|10|0|4,000
55,66737727|37,56221443|31,824001|2017-11-04 09:12:17|1509775937000|11|0|5,000
55,66734812|37,56230159|26,100000|2017-11-04 09:12:18|1509775938000|12|0|5,000
55,66730830|37,56239763|23,436001|2017-11-04 09:12:19|1509775939000|12|0|5,000
55,66727776|37,56247470|19,836000|2017-11-04 09:12:20|1509775940000|12|0|5,000
55,66725653|37,56251919|15,372000|2017-11-04 09:12:21|1509775941000|12|0|5,000
55,66725533|37,56255345|8,604000|2017-11-04 09:12:22|1509775942000|12|0|4,000
55,66724605|37,56258347|5,472000|2017-11-04 09:12:23|1509775943000|12|0|4,000
55,66724259|37,56259086|3,996000|2017-11-04 09:12:24|1509775944000|12|0|5,000
55,66724019|37,56258925|0,000000|2017-11-04 09:12:25|1509775945000|12|0|4,000
55,66723436|37,56258485|0,000000|2017-11-04 09:12:26|1509775946000|12|0|4,000
55,66723302|37,56257770|0,000000|2017-11-04 09:12:27|1509775947000|12|0|4,000
55,66723262|37,56257927|0,576000|2017-11-04 09:12:28|1509775948000|12|0|4,000
55,66722195|37,56259873|4,428000|2017-11-04 09:12:29|1509775949000|12|0|4,000
55,66720294|37,56263769|9,900000|2017-11-04 09:12:30|1509775950000|12|0|4,000
55,66718093|37,56269403|13,896000|2017-11-04 09:12:31|1509775951000|12|0|4,000
55,66714521|37,56276235|18,431999|2017-11-04 09:12:32|1509775952000|11|0|4,000
55,66710962|37,56283738|21,275999|2017-11-04 09:12:33|1509775953000|12|0|3,000
55,66708660|37,56286585|22,463999|2017-11-04 09:12:34|1509775954000|12|0|3,000
55,66704648|37,56295560|26,747999|2017-11-04 09:12:35|1509775955000|8|0|3,000
55,66700501|37,56305659|30,275999|2017-11-04 09:12:36|1509775956000|9|0|3,000
55,66695604|37,56317435|35,063999|2017-11-04 09:12:37|1509775957000|9|0|3,000
55,66690857|37,56330755|38,051998|2017-11-04 09:12:38|1509775958000|7|0|3,000
55,66684294|37,56346837|40,212002|2017-11-04 09:12:39|1509775959000|9|0|3,000
55,66678825|37,56361329|39,060001|2017-11-04 09:12:40|1509775960000|9|0|3,000
55,66673194|37,56375919|39,060001|2017-11-04 09:12:41|1509775961000|9|0|5,000
55,66668024|37,56396114|46,548000|2017-11-04 09:12:42|1509775962000|10|0|3,000
55,66663888|37,56414992|52,307999|2017-11-04 09:12:43|1509775963000|7|0|3,000
55,66657475|37,56435747|52,307999|2017-11-04 09:12:44|1509775964000|7|0|4,000
55,66651279|37,56454590|52,992001|2017-11-04 09:12:45|1509775965000|9|0|3,000
55,66644951|37,56476275|56,952000|2017-11-04 09:12:46|1509775966000|9|0|4,000
55,66636777|37,56498911|58,464001|2017-11-04 09:12:47|1509775967000|8|0|4,000
55,66629220|37,56520275|58,032001|2017-11-04 09:12:48|1509775968000|9|0|4,000
55,66621596|37,56543235|58,896004|2017-11-04 09:12:49|1509775969000|9|0|4,000
55,66615319|37,56563222|57,492001|2017-11-04 09:12:50|1509775970000|10|0|4,000
55,66609265|37,56585119|56,231998|2017-11-04 09:12:51|1509775971000|12|0|4,000
55,66599074|37,56611372|56,051998|2017-11-04 09:12:52|1509775972000|12|0|4,000
55,66592056|37,56630702|55,475998|2017-11-04 09:12:53|1509775973000|12|0|4,000
55,66584656|37,56652126|54,504002|2017-11-04 09:12:54|1509775974000|12|0|4,000
55,66578587|37,56671610|53,099998|2017-11-04 09:12:55|1509775975000|12|0|4,000
55,66571705|37,56690525|53,063999|2017-11-04 09:12:56|1509775976000|13|0|4,000
55,66564851|37,56711096|51,911999|2017-11-04 09:12:57|1509775977000|13|0|4,000
55,66560160|37,56731042|49,680000|2017-11-04 09:12:58|1509775978000|12|0|3,000
55,66554427|37,56750340|50,616001|2017-11-04 09:12:59|1509775979000|12|0|4,000
55,66550172|37,56773753|51,299999|2017-11-04 09:13:00|1509775980000|12|0|5,000
55,66548279|37,56792102|46,619999|2017-11-04 09:13:01|1509775981000|11|0|4,000
55,66544377|37,56811832|46,764000|2017-11-04 09:13:02|1509775982000|12|0|5,000
55,66541456|37,56832294|46,439999|2017-11-04 09:13:03|1509775983000|11|0|4,000
55,66539033|37,56852744|48,456001|2017-11-04 09:13:04|1509775984000|11|0|3,000
55,66536600|37,56873777|50,472000|2017-11-04 09:13:05|1509775985000|12|0|3,000
55,66534782|37,56896620|53,568001|2017-11-04 09:13:06|1509775986000|11|0|3,000
55,66532664|37,56921305|55,727997|2017-11-04 09:13:07|1509775987000|11|0|4,000
55,66532375|37,56944631|54,936001|2017-11-04 09:13:08|1509775988000|11|0|4,000
55,66531369|37,56966234|53,604000|2017-11-04 09:13:09|1509775989000|11|0|3,000
55,66530032|37,56990924|53,783997|2017-11-04 09:13:10|1509775990000|11|0|3,000
55,66529055|37,57015642|52,956001|2017-11-04 09:13:11|1509775991000|11|0|3,000
55,66527914|37,57036805|52,812000|2017-11-04 09:13:12|1509775992000|10|0|3,000
55,66527294|37,57059892|52,127998|2017-11-04 09:13:13|1509775993000|10|0|3,000
55,66526170|37,57083494|51,336002|2017-11-04 09:13:14|1509775994000|9|0|4,000
55,66525651|37,57104450|49,464001|2017-11-04 09:13:15|1509775995000|9|0|4,000
55,66526160|37,57130467|51,948002|2017-11-04 09:13:16|1509775996000|10|0|6,000
55,66524398|37,57148081|46,043999|2017-11-04 09:13:17|1509775997000|8|0|7,000
55,66524746|37,57159320|36,936001|2017-11-04 09:13:18|1509775998000|9|0|7,000
55,66522993|37,57178784|35,136002|2017-11-04 09:13:19|1509775999000|11|0|5,000
55,66525431|37,57186493|28,944000|2017-11-04 09:13:20|1509776000000|11|0|5,000
55,66525629|37,57195960|23,760000|2017-11-04 09:13:21|1509776001000|11|0|5,000
55,66524457|37,57203199|17,208000|2017-11-04 09:13:22|1509776002000|11|0|4,000
55,66523839|37,57209118|13,356000|2017-11-04 09:13:23|1509776003000|11|0|5,000
55,66523890|37,57212310|8,820000|2017-11-04 09:13:24|1509776004000|11|0|5,000
55,66524047|37,57211533|1,584000|2017-11-04 09:13:25|1509776005000|12|0|4,000
55,66522527|37,57211546|0,000000|2017-11-04 09:13:26|1509776006000|11|0|4,000
55,66522261|37,57210498|0,000000|2017-11-04 09:13:27|1509776007000|10|0|4,000
55,66521664|37,57210373|0,000000|2017-11-04 09:13:28|1509776008000|10|0|4,000
55,66521402|37,57210082|0,000000|2017-11-04 09:13:29|1509776009000|11|0|4,000
55,66520592|37,57210494|0,000000|2017-11-04 09:13:30|1509776010000|11|0|4,000
55,66519894|37,57210920|0,000000|2017-11-04 09:13:31|1509776011000|11|0|4,000
55,66519574|37,57211352|0,000000|2017-11-04 09:13:32|1509776012000|11|0|4,000
55,66519336|37,57211254|0,000000|2017-11-04 09:13:33|1509776013000|10|0|4,000
55,66519136|37,57211148|0,000000|2017-11-04 09:13:34|1509776014000|10|0|4,000
55,66518975|37,57210782|0,000000|2017-11-04 09:13:35|1509776015000|10|0|4,000
55,66519015|37,57210546|0,000000|2017-11-04 09:13:36|1509776016000|11|0|5,000
55,66519087|37,57210539|0,000000|2017-11-04 09:13:37|1509776017000|11|0|5,000
55,66519114|37,57210549|0,000000|2017-11-04 09:13:38|1509776018000|10|0|5,000
55,66519133|37,57210548|0,000000|2017-11-04 09:13:39|1509776019000|10|0|5,000
55,66519143|37,57210553|0,000000|2017-11-04 09:13:40|1509776020000|11|0|5,000
55,66519417|37,57210231|0,000000|2017-11-04 09:13:41|1509776021000|12|0|5,000
55,66519423|37,57210228|0,000000|2017-11-04 09:13:42|1509776022000|12|0|5,000
55,66519403|37,57210285|0,000000|2017-11-04 09:13:43|1509776023000|12|0|5,000
55,66519398|37,57210309|0,000000|2017-11-04 09:13:44|1509776024000|12|0|6,000
55,66519389|37,57210982|2,628000|2017-11-04 09:13:45|1509776025000|12|0|6,000
55,66520051|37,57216109|7,164000|2017-11-04 09:13:46|1509776026000|12|0|6,000
55,66520218|37,57223785|12,024000|2017-11-04 09:13:47|1509776027000|12|0|5,000
55,66520597|37,57232669|15,840000|2017-11-04 09:13:48|1509776028000|12|0|5,000
55,66522014|37,57236939|15,012000|2017-11-04 09:13:49|1509776029000|11|0|5,000
55,66521731|37,57244973|19,115999|2017-11-04 09:13:50|1509776030000|11|0|5,000
55,66522512|37,57256359|25,775999|2017-11-04 09:13:51|1509776031000|11|0|4,000
55,66524117|37,57269539|32,795998|2017-11-04 09:13:52|1509776032000|11|0|4,000
55,66523401|37,57287558|40,355999|2017-11-04 09:13:53|1509776033000|11|0|4,000
55,66523056|37,57306333|41,292000|2017-11-04 09:13:54|1509776034000|11|0|5,000
55,66522157|37,57324018|40,175999|2017-11-04 09:13:55|1509776035000|11|0|4,000
55,66521313|37,57343024|40,355999|2017-11-04 09:13:56|1509776036000|11|0|5,000
55,66520916|37,57358245|38,880001|2017-11-04 09:13:57|1509776037000|10|0|5,000
55,66520668|37,57373394|38,448002|2017-11-04 09:13:58|1509776038000|10|0|4,000
55,66518799|37,57390517|37,116001|2017-11-04 09:13:59|1509776039000|10|0|4,000
55,66517930|37,57403426|32,868000|2017-11-04 09:14:00|1509776040000|10|0|4,000
55,66516050|37,57418346|30,816002|2017-11-04 09:14:01|1509776041000|10|0|4,000
55,66514679|37,57431723|28,044001|2017-11-04 09:14:02|1509776042000|10|0|4,000
55,66513486|37,57440939|22,427999|2017-11-04 09:14:03|1509776043000|7|0|4,000
55,66512448|37,57450916|22,427999|2017-11-04 09:14:04|1509776044000|7|0|5,000
55,66511417|37,57458469|20,664000|2017-11-04 09:14:05|1509776045000|8|0|5,000
55,66509490|37,57466792|17,063999|2017-11-04 09:14:06|1509776046000|8|0|6,000
55,66510101|37,57471220|9,864000|2017-11-04 09:14:07|1509776047000|8|0|6,000
55,66509553|37,57473805|6,588000|2017-11-04 09:14:08|1509776048000|9|0|6,000
55,66509319|37,57476379|5,688000|2017-11-04 09:14:09|1509776049000|7|0|6,000
55,66509093|37,57480022|6,660000|2017-11-04 09:14:10|1509776050000|7|0|6,000
55,66510174|37,57483644|8,640000|2017-11-04 09:14:11|1509776051000|9|0|6,000
55,66510649|37,57488046|8,568001|2017-11-04 09:14:12|1509776052000|11|0|5,000
55,66511960|37,57491330|7,956000|2017-11-04 09:14:13|1509776053000|11|0|5,000
55,66512194|37,57493114|3,132000|2017-11-04 09:14:14|1509776054000|11|0|5,000
55,66512604|37,57494737|2,484000|2017-11-04 09:14:15|1509776055000|9|0|6,000
55,66513785|37,57497326|6,480000|2017-11-04 09:14:16|1509776056000|6|0|6,000
55,66516051|37,57497780|7,380000|2017-11-04 09:14:17|1509776057000|9|0|7,000
55,66518089|37,57498755|9,216000|2017-11-04 09:14:18|1509776058000|7|0|7,000
55,66520228|37,57499748|9,216000|2017-11-04 09:14:19|1509776059000|7|0|9,000
55,66522439|37,57495002|12,924000|2017-11-04 09:14:20|1509776060000|7|0|10,000
55,66524931|37,57491744|12,924000|2017-11-04 09:14:21|1509776061000|7|0|12,000
55,66530754|37,57495483|10,080000|2017-11-04 09:14:22|1509776062000|4|0|11,000
55,66534795|37,57500127|9,036000|2017-11-04 09:14:23|1509776063000|9|0|10,000
55,66534139|37,57503960|5,760000|2017-11-04 09:14:24|1509776064000|9|0|8,000
55,66534133|37,57507656|3,600000|2017-11-04 09:14:25|1509776065000|10|0|7,000
55,66533047|37,57514268|6,372000|2017-11-04 09:14:26|1509776066000|11|0|7,000
55,66532166|37,57520714|8,316000|2017-11-04 09:14:27|1509776067000|11|0|6,000
55,66530093|37,57525601|9,900000|2017-11-04 09:14:28|1509776068000|11|0|6,000
55,66528831|37,57530963|13,572000|2017-11-04 09:14:29|1509776069000|11|0|5,000
55,66527396|37,57537097|13,392000|2017-11-04 09:14:30|1509776070000|11|0|5,000
55,66525986|37,57543608|12,780000|2017-11-04 09:14:31|1509776071000|11|0|6,000
55,66524289|37,57547287|12,492001|2017-11-04 09:14:32|1509776072000|12|0|4,000
55,66523086|37,57549205|10,080000|2017-11-04 09:14:33|1509776073000|12|0|4,000
55,66519658|37,57553668|12,995999|2017-11-04 09:14:34|1509776074000|12|0|4,000
55,66518064|37,57556182|11,736000|2017-11-04 09:14:35|1509776075000|12|0|5,000
55,66514948|37,57559925|12,456000|2017-11-04 09:14:36|1509776076000|12|0|5,000
55,66515048|37,57564029|11,087999|2017-11-04 09:14:37|1509776077000|12|0|6,000
55,66514078|37,57566953|9,972000|2017-11-04 09:14:38|1509776078000|12|0|6,000
55,66512847|37,57569284|8,388000|2017-11-04 09:14:39|1509776079000|12|0|6,000
