55,66512919|37,57626380|2,340000|2017-11-04 09:25:35|1509776735000|9|0|17,000
55,66506708|37,57630786|4,716000|2017-11-04 09:25:36|1509776736000|9|0|12,000
55,66502334|37,57636044|5,616000|2017-11-04 09:25:37|1509776737000|10|0|10,000
55,66502811|37,57639196|5,112000|2017-11-04 09:25:38|1509776738000|10|0|9,000
55,66503570|37,57642385|7,092000|2017-11-04 09:25:39|1509776739000|11|0|11,000
55,66502988|37,57646659|7,092000|2017-11-04 09:25:40|1509776740000|11|0|12,000
55,66503007|37,57649725|5,724000|2017-11-04 09:25:41|1509776741000|11|0|14,000
55,66501680|37,57656148|2,664000|2017-11-04 09:25:42|1509776742000|11|0|12,000
55,66501649|37,57659275|2,880000|2017-11-04 09:25:43|1509776743000|12|0|10,000
55,66502176|37,57660635|0,000000|2017-11-04 09:25:44|1509776744000|11|0|10,000
55,66502402|37,57660997|0,000000|2017-11-04 09:25:45|1509776745000|11|0|10,000
55,66503756|37,57660752|0,000000|2017-11-04 09:25:46|1509776746000|12|0|10,000
55,66505621|37,57661040|0,000000|2017-11-04 09:25:47|1509776747000|13|0|10,000
55,66505118|37,57662361|0,000000|2017-11-04 09:25:48|1509776748000|11|0|8,000
55,66505325|37,57662516|1,548000|2017-11-04 09:25:49|1509776749000|11|0|7,000
55,66507199|37,57663240|2,628000|2017-11-04 09:25:50|1509776750000|12|0|6,000
55,66505170|37,57670491|5,112000|2017-11-04 09:25:51|1509776751000|11|0|5,000
55,66505867|37,57672300|5,328000|2017-11-04 09:25:52|1509776752000|10|0|4,000
55,66507733|37,57675563|6,876000|2017-11-04 09:25:53|1509776753000|10|0|4,000
55,66509617|37,57678255|8,568001|2017-11-04 09:25:54|1509776754000|10|0|4,000
55,66511198|37,57681785|9,540000|2017-11-04 09:25:55|1509776755000|10|0|3,000
55,66513765|37,57685688|9,216000|2017-11-04 09:25:56|1509776756000|11|0|3,000
55,66515257|37,57688429|7,559999|2017-11-04 09:25:57|1509776757000|11|0|3,000
55,66516964|37,57691318|7,956000|2017-11-04 09:25:58|1509776758000|10|0|4,000
55,66518241|37,57695514|9,072000|2017-11-04 09:25:59|1509776759000|9|0|3,000
55,66520273|37,57698113|9,323999|2017-11-04 09:26:00|1509776760000|10|0|3,000
55,66522991|37,57701632|10,404000|2017-11-04 09:26:01|1509776761000|9|0|4,000
55,66525232|37,57704192|10,440001|2017-11-04 09:26:02|1509776762000|10|0|4,000
55,66528099|37,57707285|11,952000|2017-11-04 09:26:03|1509776763000|9|0|4,000
55,66529981|37,57711294|10,007999|2017-11-04 09:26:04|1509776764000|10|0|4,000
55,66532462|37,57714468|11,915999|2017-11-04 09:26:05|1509776765000|9|0|4,000
55,66536749|37,57716291|11,412001|2017-11-04 09:26:06|1509776766000|10|0|5,000
55,66539742|37,57719869|13,860000|2017-11-04 09:26:07|1509776767000|9|0|6,000
55,66542964|37,57723387|14,940001|2017-11-04 09:26:08|1509776768000|9|0|8,000
55,66545090|37,57732097|16,344000|2017-11-04 09:26:09|1509776769000|9|0|9,000
55,66546631|37,57739060|15,119999|2017-11-04 09:26:10|1509776770000|11|0|9,000
55,66549218|37,57745190|16,200001|2017-11-04 09:26:11|1509776771000|11|0|9,000
55,66552049|37,57751024|13,896000|2017-11-04 09:26:12|1509776772000|10|0|10,000
55,66553907|37,57755659|13,212000|2017-11-04 09:26:13|1509776773000|11|0|11,000
55,66554517|37,57762438|10,368000|2017-11-04 09:26:14|1509776774000|11|0|11,000
55,66557092|37,57768183|13,788000|2017-11-04 09:26:15|1509776775000|11|0|11,000
55,66560187|37,57774779|17,388000|2017-11-04 09:26:16|1509776776000|10|0|11,000
55,66564117|37,57784591|20,771999|2017-11-04 09:26:17|1509776777000|11|0|11,000
55,66569690|37,57789326|22,824001|2017-11-04 09:26:18|1509776778000|12|0|11,000
55,66573337|37,57796326|23,327999|2017-11-04 09:26:19|1509776779000|13|0|11,000
55,66578262|37,57802219|22,860001|2017-11-04 09:26:20|1509776780000|13|0|13,000
55,66584806|37,57803513|23,112000|2017-11-04 09:26:21|1509776781000|12|0|13,000
55,66590589|37,57811652|24,012001|2017-11-04 09:26:22|1509776782000|12|0|10,000
55,66595528|37,57817966|22,680000|2017-11-04 09:26:23|1509776783000|11|0|11,000
55,66598308|37,57826510|19,584000|2017-11-04 09:26:24|1509776784000|10|0|10,000
55,66602766|37,57835317|16,200001|2017-11-04 09:26:25|1509776785000|10|0|11,000
55,66604761|37,57843154|16,308001|2017-11-04 09:26:26|1509776786000|10|0|10,000
55,66609050|37,57850139|19,619999|2017-11-04 09:26:27|1509776787000|11|0|10,000
55,66612407|37,57856963|20,771999|2017-11-04 09:26:28|1509776788000|9|0|9,000
55,66615689|37,57861724|19,115999|2017-11-04 09:26:29|1509776789000|11|0|7,000
55,66619160|37,57867256|15,156000|2017-11-04 09:26:30|1509776790000|11|0|6,000
55,66621775|37,57867425|10,007999|2017-11-04 09:26:31|1509776791000|11|0|5,000
55,66623451|37,57866611|7,236000|2017-11-04 09:26:32|1509776792000|12|0|5,000
55,66625512|37,57867192|7,848000|2017-11-04 09:26:33|1509776793000|12|0|5,000
55,66626652|37,57868754|7,128000|2017-11-04 09:26:34|1509776794000|12|0|5,000
55,66625401|37,57872256|8,028000|2017-11-04 09:26:35|1509776795000|12|0|4,000
55,66622410|37,57878922|15,516000|2017-11-04 09:26:36|1509776796000|11|0|4,000
55,66619517|37,57886035|21,132000|2017-11-04 09:26:37|1509776797000|11|0|4,000
55,66615127|37,57894119|25,740000|2017-11-04 09:26:38|1509776798000|11|0|4,000
55,66610886|37,57904980|29,987999|2017-11-04 09:26:39|1509776799000|11|0|4,000
55,66605943|37,57916697|34,632000|2017-11-04 09:26:40|1509776800000|11|0|3,000
55,66599795|37,57931295|40,535999|2017-11-04 09:26:41|1509776801000|12|0|3,000
55,66593906|37,57945457|45,612000|2017-11-04 09:26:42|1509776802000|13|0|3,000
55,66586267|37,57961945|47,016003|2017-11-04 09:26:43|1509776803000|13|0|3,000
55,66579429|37,57979336|45,287998|2017-11-04 09:26:44|1509776804000|12|0|3,000
55,66572241|37,57992404|43,272003|2017-11-04 09:26:45|1509776805000|11|0|4,000
55,66565115|37,58007263|43,704002|2017-11-04 09:26:46|1509776806000|12|0|5,000
55,66563737|37,58010368|24,912001|2017-11-04 09:26:47|1509776807000|12|0|4,000
55,66560139|37,58015168|24,084000|2017-11-04 09:26:48|1509776808000|11|0|3,000
55,66555004|37,58018528|22,608002|2017-11-04 09:26:49|1509776809000|11|0|3,000
55,66552059|37,58022593|15,444000|2017-11-04 09:26:50|1509776810000|11|0|3,000
55,66550831|37,58024059|6,768000|2017-11-04 09:26:51|1509776811000|10|0|3,000
55,66548971|37,58024820|4,572000|2017-11-04 09:26:52|1509776812000|11|0|3,000
55,66549388|37,58024693|0,000000|2017-11-04 09:26:53|1509776813000|11|0|3,000
55,66549598|37,58026003|0,000000|2017-11-04 09:26:54|1509776814000|11|0|4,000
55,66550071|37,58026345|0,000000|2017-11-04 09:26:55|1509776815000|12|0|4,000
55,66550447|37,58026601|0,000000|2017-11-04 09:26:56|1509776816000|12|0|4,000
55,66550405|37,58026203|0,000000|2017-11-04 09:26:57|1509776817000|12|0|4,000
55,66551021|37,58025931|0,000000|2017-11-04 09:26:58|1509776818000|13|0|4,000
55,66550950|37,58025690|0,000000|2017-11-04 09:26:59|1509776819000|12|0|4,000
55,66550935|37,58025400|0,000000|2017-11-04 09:27:00|1509776820000|12|0|4,000
55,66551139|37,58023976|0,000000|2017-11-04 09:27:01|1509776821000|11|0|4,000
55,66551102|37,58023503|0,000000|2017-11-04 09:27:02|1509776822000|12|0|5,000
55,66551153|37,58023230|0,000000|2017-11-04 09:27:03|1509776823000|12|0|5,000
55,66551143|37,58023192|0,000000|2017-11-04 09:27:04|1509776824000|12|0|5,000
55,66551177|37,58023167|0,000000|2017-11-04 09:27:05|1509776825000|12|0|5,000
55,66551226|37,58023169|0,000000|2017-11-04 09:27:06|1509776826000|13|0|5,000
55,66551249|37,58023172|0,000000|2017-11-04 09:27:07|1509776827000|11|0|5,000
55,66551284|37,58023079|1,980000|2017-11-04 09:27:08|1509776828000|11|0|6,000
55,66553364|37,58023238|0,000000|2017-11-04 09:27:09|1509776829000|11|0|5,000
55,66553457|37,58023827|0,000000|2017-11-04 09:27:10|1509776830000|11|0|5,000
55,66553922|37,58023682|0,000000|2017-11-04 09:27:11|1509776831000|10|0|5,000
55,66554271|37,58023442|0,000000|2017-11-04 09:27:12|1509776832000|11|0|5,000
55,66554769|37,58023245|0,000000|2017-11-04 09:27:13|1509776833000|11|0|5,000
55,66555310|37,58022755|0,000000|2017-11-04 09:27:14|1509776834000|10|0|5,000
55,66555962|37,58022089|0,000000|2017-11-04 09:27:15|1509776835000|11|0|5,000
55,66556192|37,58021972|0,000000|2017-11-04 09:27:16|1509776836000|10|0|4,000
55,66556192|37,58021972|0,000000|2017-11-04 09:27:17|1509776837000|10|0|5,000
55,66556192|37,58021972|0,000000|2017-11-04 09:27:18|1509776838000|10|0|5,000
55,66557100|37,58020652|0,000000|2017-11-04 09:27:19|1509776839000|10|0|4,000
55,66556952|37,58020427|0,000000|2017-11-04 09:27:20|1509776840000|9|0|4,000
55,66557057|37,58020296|0,000000|2017-11-04 09:27:21|1509776841000|13|0|4,000
55,66557088|37,58020223|0,000000|2017-11-04 09:27:22|1509776842000|9|0|4,000
55,66557127|37,58020212|0,000000|2017-11-04 09:27:23|1509776843000|12|0|4,000
55,66557132|37,58020210|0,000000|2017-11-04 09:27:24|1509776844000|9|0|3,000
55,66557134|37,58020208|0,000000|2017-11-04 09:27:25|1509776845000|10|0|3,000
55,66557132|37,58020211|0,000000|2017-11-04 09:27:26|1509776846000|11|0|3,000
55,66557736|37,58019631|0,000000|2017-11-04 09:27:27|1509776847000|11|0|4,000
55,66558210|37,58019292|0,000000|2017-11-04 09:27:28|1509776848000|12|0|4,000
55,66558631|37,58018989|0,000000|2017-11-04 09:27:29|1509776849000|11|0|4,000
55,66558633|37,58018988|0,000000|2017-11-04 09:27:30|1509776850000|10|0|4,000
55,66558637|37,58018986|0,000000|2017-11-04 09:27:31|1509776851000|10|0|4,000
55,66558639|37,58018994|0,000000|2017-11-04 09:27:32|1509776852000|11|0|4,000
55,66558651|37,58019000|0,000000|2017-11-04 09:27:33|1509776853000|10|0|4,000
55,66558661|37,58019006|0,000000|2017-11-04 09:27:34|1509776854000|10|0|5,000
55,66558664|37,58019010|0,000000|2017-11-04 09:27:35|1509776855000|9|0|4,000
55,66558673|37,58019013|0,000000|2017-11-04 09:27:36|1509776856000|10|0|4,000
55,66558682|37,58019016|0,000000|2017-11-04 09:27:37|1509776857000|10|0|4,000
55,66558689|37,58019020|0,000000|2017-11-04 09:27:38|1509776858000|10|0|5,000
55,66558688|37,58019026|0,000000|2017-11-04 09:27:39|1509776859000|10|0|5,000
55,66558686|37,58019033|0,000000|2017-11-04 09:27:40|1509776860000|11|0|5,000
55,66558685|37,58019038|0,000000|2017-11-04 09:27:41|1509776861000|10|0|6,000
55,66558685|37,58019038|0,000000|2017-11-04 09:27:42|1509776862000|11|0|6,000
55,66558687|37,58019033|0,000000|2017-11-04 09:27:43|1509776863000|10|0|6,000
55,66558690|37,58019031|0,000000|2017-11-04 09:27:44|1509776864000|9|0|6,000
55,66558694|37,58019024|0,000000|2017-11-04 09:27:45|1509776865000|11|0|6,000
55,66558692|37,58019019|0,000000|2017-11-04 09:27:46|1509776866000|11|0|6,000
55,66558686|37,58019015|0,000000|2017-11-04 09:27:47|1509776867000|10|0|6,000
55,66558675|37,58019014|0,000000|2017-11-04 09:27:48|1509776868000|11|0|6,000
55,66558670|37,58019016|0,000000|2017-11-04 09:27:49|1509776869000|9|0|6,000
55,66558663|37,58019008|0,000000|2017-11-04 09:27:50|1509776870000|10|0|6,000
55,66558657|37,58019011|0,000000|2017-11-04 09:27:51|1509776871000|9|0|6,000
55,66558649|37,58019013|0,000000|2017-11-04 09:27:52|1509776872000|12|0|6,000
55,66558644|37,58019011|0,000000|2017-11-04 09:27:53|1509776873000|12|0|6,000
55,66558641|37,58019011|0,000000|2017-11-04 09:27:54|1509776874000|10|0|6,000
55,66558615|37,58019103|1,800000|2017-11-04 09:27:55|1509776875000|11|0|6,000
55,66558312|37,58018906|0,000000|2017-11-04 09:27:56|1509776876000|10|0|5,000
55,66557881|37,58019166|0,000000|2017-11-04 09:27:57|1509776877000|12|0|6,000
55,66557540|37,58019153|0,000000|2017-11-04 09:27:58|1509776878000|9|0|6,000
55,66557574|37,58019075|0,000000|2017-11-04 09:27:59|1509776879000|9|0|6,000
55,66557784|37,58018007|0,000000|2017-11-04 09:28:00|1509776880000|8|0|6,000
55,66558014|37,58016833|0,000000|2017-11-04 09:28:01|1509776881000|8|0|6,000
55,66558016|37,58016222|0,000000|2017-11-04 09:28:02|1509776882000|12|0|6,000
55,66557654|37,58015813|0,000000|2017-11-04 09:28:03|1509776883000|8|0|6,000
55,66557798|37,58015430|0,000000|2017-11-04 09:28:04|1509776884000|7|0|5,000
55,66557715|37,58015204|0,000000|2017-11-04 09:28:05|1509776885000|12|0|5,000
55,66557519|37,58015245|0,000000|2017-11-04 09:28:06|1509776886000|11|0|5,000
55,66557366|37,58015354|0,000000|2017-11-04 09:28:07|1509776887000|11|0|5,000
55,66557373|37,58015393|0,000000|2017-11-04 09:28:08|1509776888000|10|0|5,000
55,66557470|37,58015392|0,000000|2017-11-04 09:28:09|1509776889000|9|0|5,000
55,66557470|37,58015392|0,000000|2017-11-04 09:28:10|1509776890000|9|0|5,000
55,66557456|37,58015399|0,000000|2017-11-04 09:28:11|1509776891000|6|0|5,000
55,66557405|37,58015429|0,000000|2017-11-04 09:28:12|1509776892000|9|0|6,000
55,66557405|37,58015429|0,000000|2017-11-04 09:28:13|1509776893000|9|0|6,000
55,66557396|37,58015441|0,000000|2017-11-04 09:28:14|1509776894000|8|0|6,000
55,66557402|37,58015448|0,000000|2017-11-04 09:28:15|1509776895000|9|0|5,000
55,66557401|37,58015456|0,000000|2017-11-04 09:28:16|1509776896000|8|0|5,000
55,66557413|37,58015457|0,000000|2017-11-04 09:28:17|1509776897000|10|0|5,000
55,66557413|37,58015457|0,000000|2017-11-04 09:28:18|1509776898000|10|0|5,000
55,66557401|37,58015482|0,000000|2017-11-04 09:28:19|1509776899000|10|0|5,000
55,66557404|37,58015487|0,000000|2017-11-04 09:28:20|1509776900000|11|0|5,000
55,66557409|37,58015492|0,000000|2017-11-04 09:28:21|1509776901000|12|0|5,000
55,66557263|37,58015471|4,572000|2017-11-04 09:28:22|1509776902000|12|0|5,000
55,66555701|37,58014882|9,000000|2017-11-04 09:28:23|1509776903000|10|0|4,000
55,66552063|37,58015062|11,844000|2017-11-04 09:28:24|1509776904000|12|0|4,000
55,66548317|37,58015149|12,024000|2017-11-04 09:28:25|1509776905000|8|0|4,000
55,66544232|37,58017173|13,032000|2017-11-04 09:28:26|1509776906000|10|0|4,000
55,66538601|37,58011078|20,844000|2017-11-04 09:28:27|1509776907000|11|0|3,000
55,66532246|37,58008769|23,724001|2017-11-04 09:28:28|1509776908000|11|0|4,000
55,66526114|37,58003433|28,080000|2017-11-04 09:28:29|1509776909000|10|0|3,000
55,66520011|37,57998644|26,604000|2017-11-04 09:28:30|1509776910000|10|0|4,000
55,66512735|37,57992407|28,152000|2017-11-04 09:28:31|1509776911000|9|0|4,000
55,66506025|37,57986673|28,260000|2017-11-04 09:28:32|1509776912000|10|0|5,000
55,66498010|37,57980389|31,463999|2017-11-04 09:28:33|1509776913000|11|0|5,000
55,66489934|37,57971580|33,336002|2017-11-04 09:28:34|1509776914000|11|0|4,000
55,66482341|37,57963656|32,903999|2017-11-04 09:28:35|1509776915000|10|0|4,000
55,66475317|37,57955430|30,816002|2017-11-04 09:28:36|1509776916000|11|0|4,000
55,66468532|37,57949640|29,051998|2017-11-04 09:28:37|1509776917000|11|0|4,000
55,66463029|37,57943843|25,703999|2017-11-04 09:28:38|1509776918000|10|0|4,000
55,66458210|37,57936743|24,444000|2017-11-04 09:28:39|1509776919000|10|0|4,000
55,66453104|37,57934850|21,275999|2017-11-04 09:28:40|1509776920000|10|0|4,000
55,66448366|37,57930857|20,628000|2017-11-04 09:28:41|1509776921000|11|0|3,000
55,66444065|37,57926210|18,792000|2017-11-04 09:28:42|1509776922000|9|0|3,000
55,66439794|37,57921968|17,424000|2017-11-04 09:28:43|1509776923000|9|0|3,000
55,66436288|37,57917555|16,128000|2017-11-04 09:28:44|1509776924000|10|0|3,000
55,66433490|37,57916208|14,292000|2017-11-04 09:28:45|1509776925000|10|0|3,000
55,66429713|37,57913091|13,428000|2017-11-04 09:28:46|1509776926000|11|0|3,000
55,66426004|37,57911872|12,995999|2017-11-04 09:28:47|1509776927000|10|0|3,000
55,66424734|37,57910973|10,620000|2017-11-04 09:28:48|1509776928000|10|0|3,000
55,66422720|37,57908552|7,884000|2017-11-04 09:28:49|1509776929000|10|0|3,000
55,66421152|37,57907639|5,688000|2017-11-04 09:28:50|1509776930000|10|0|3,000
55,66419755|37,57906755|2,592000|2017-11-04 09:28:51|1509776931000|12|0|3,000
55,66418227|37,57907659|2,340000|2017-11-04 09:28:52|1509776932000|10|0|3,000
55,66417889|37,57907478|0,000000|2017-11-04 09:28:53|1509776933000|11|0|3,000
55,66417972|37,57907375|0,000000|2017-11-04 09:28:54|1509776934000|11|0|3,000
55,66417834|37,57907078|0,000000|2017-11-04 09:28:55|1509776935000|12|0|3,000
55,66417965|37,57906930|0,000000|2017-11-04 09:28:56|1509776936000|11|0|3,000
55,66418159|37,57907197|0,000000|2017-11-04 09:28:57|1509776937000|12|0|3,000
55,66417818|37,57907572|0,000000|2017-11-04 09:28:58|1509776938000|10|0|3,000
55,66417780|37,57907350|0,000000|2017-11-04 09:28:59|1509776939000|11|0|4,000
55,66417757|37,57907681|0,000000|2017-11-04 09:29:00|1509776940000|11|0|3,000
55,66417866|37,57907630|0,000000|2017-11-04 09:29:01|1509776941000|9|0|4,000
55,66417962|37,57907627|0,000000|2017-11-04 09:29:02|1509776942000|10|0|4,000
55,66418066|37,57907538|0,000000|2017-11-04 09:29:03|1509776943000|10|0|4,000
55,66418045|37,57907293|0,000000|2017-11-04 09:29:04|1509776944000|11|0|4,000
55,66418099|37,57907079|0,000000|2017-11-04 09:29:05|1509776945000|10|0|4,000
55,66418130|37,57906918|0,000000|2017-11-04 09:29:06|1509776946000|9|0|4,000
55,66418131|37,57906814|0,000000|2017-11-04 09:29:07|1509776947000|9|0|4,000
55,66418129|37,57906745|0,000000|2017-11-04 09:29:08|1509776948000|12|0|4,000
55,66418129|37,57906676|0,000000|2017-11-04 09:29:09|1509776949000|11|0|3,000
55,66418136|37,57906618|0,000000|2017-11-04 09:29:10|1509776950000|11|0|3,000
55,66417938|37,57906427|4,680000|2017-11-04 09:29:11|1509776951000|10|0|3,000
55,66416001|37,57905591|9,900000|2017-11-04 09:29:12|1509776952000|9|0|3,000
55,66413168|37,57901955|15,119999|2017-11-04 09:29:13|1509776953000|9|0|3,000
55,66409272|37,57898001|19,296001|2017-11-04 09:29:14|1509776954000|10|0|3,000
55,66405064|37,57895290|20,556000|2017-11-04 09:29:15|1509776955000|10|0|4,000
55,66400838|37,57890336|19,152000|2017-11-04 09:29:16|1509776956000|10|0|3,000
55,66396167|37,57887215|21,780001|2017-11-04 09:29:17|1509776957000|10|0|3,000
55,66390343|37,57880737|28,619999|2017-11-04 09:29:18|1509776958000|9|0|3,000
55,66382862|37,57872629|31,356001|2017-11-04 09:29:19|1509776959000|10|0|3,000
55,66376974|37,57866909|30,995998|2017-11-04 09:29:20|1509776960000|10|0|3,000
55,66369921|37,57859036|33,875999|2017-11-04 09:29:21|1509776961000|10|0|3,000
55,66362561|37,57849983|38,520000|2017-11-04 09:29:22|1509776962000|10|0|4,000
55,66353442|37,57840410|42,336002|2017-11-04 09:29:23|1509776963000|10|0|3,000
55,66343617|37,57830571|44,964001|2017-11-04 09:29:24|1509776964000|11|0|3,000
55,66333417|37,57821603|44,964001|2017-11-04 09:29:25|1509776965000|9|0|3,000
55,66323850|37,57812403|45,000000|2017-11-04 09:29:26|1509776966000|11|0|3,000
55,66314360|37,57803235|43,344002|2017-11-04 09:29:27|1509776967000|9|0|3,000
55,66304265|37,57793744|45,900002|2017-11-04 09:29:28|1509776968000|9|0|3,000
55,66294411|37,57783143|47,627998|2017-11-04 09:29:29|1509776969000|9|0|3,000
55,66283977|37,57770279|50,183998|2017-11-04 09:29:30|1509776970000|9|0|3,000
55,66271998|37,57759174|52,560001|2017-11-04 09:29:31|1509776971000|10|0|3,000
55,66259830|37,57747114|55,368000|2017-11-04 09:29:32|1509776972000|10|0|3,000
55,66247359|37,57733801|57,167999|2017-11-04 09:29:33|1509776973000|10|0|3,000
55,66235379|37,57721909|57,563999|2017-11-04 09:29:34|1509776974000|9|0|3,000
55,66222958|37,57708402|56,736000|2017-11-04 09:29:35|1509776975000|11|0|3,000
55,66210654|37,57694881|58,967999|2017-11-04 09:29:36|1509776976000|10|0|3,000
55,66198127|37,57681292|59,796001|2017-11-04 09:29:37|1509776977000|11|0|3,000
55,66184630|37,57667653|61,127998|2017-11-04 09:29:38|1509776978000|9|0|3,000
55,66172068|37,57652479|62,820004|2017-11-04 09:29:39|1509776979000|9|0|3,000
55,66159000|37,57638542|64,223999|2017-11-04 09:29:40|1509776980000|11|0|3,000
55,66145716|37,57623134|65,052002|2017-11-04 09:29:41|1509776981000|10|0|3,000
55,66131873|37,57607918|62,748001|2017-11-04 09:29:42|1509776982000|10|0|3,000
55,66118612|37,57594335|61,344002|2017-11-04 09:29:43|1509776983000|9|0|3,000
55,66105984|37,57580165|61,091999|2017-11-04 09:29:44|1509776984000|10|0|3,000
55,66092504|37,57566530|61,596001|2017-11-04 09:29:45|1509776985000|11|0|3,000
55,66078354|37,57550696|63,539997|2017-11-04 09:29:46|1509776986000|9|0|3,000
55,66066102|37,57537661|62,315998|2017-11-04 09:29:47|1509776987000|9|0|3,000
55,66053543|37,57523987|59,832005|2017-11-04 09:29:48|1509776988000|9|0|3,000
55,66041281|37,57510803|57,996002|2017-11-04 09:29:49|1509776989000|10|0|3,000
55,66028716|37,57496384|58,608002|2017-11-04 09:29:50|1509776990000|9|0|3,000
55,66015995|37,57481861|59,652000|2017-11-04 09:29:51|1509776991000|11|0|3,000
55,66003139|37,57466901|61,163998|2017-11-04 09:29:52|1509776992000|11|0|3,000
55,65990533|37,57452316|61,524002|2017-11-04 09:29:53|1509776993000|10|0|3,000
55,65977147|37,57438733|61,703999|2017-11-04 09:29:54|1509776994000|11|0|3,000
55,65963824|37,57425558|60,012001|2017-11-04 09:29:55|1509776995000|12|0|3,000
55,65950633|37,57412987|60,732002|2017-11-04 09:29:56|1509776996000|12|0|3,000
55,65937075|37,57398408|60,948002|2017-11-04 09:29:57|1509776997000|10|0|3,000
55,65924059|37,57384860|61,632004|2017-11-04 09:29:58|1509776998000|10|0|3,000
55,65909850|37,57369315|61,884003|2017-11-04 09:29:59|1509776999000|10|0|3,000
55,65897767|37,57356063|62,244003|2017-11-04 09:30:00|1509777000000|10|0|3,000
55,65884407|37,57341457|62,567997|2017-11-04 09:30:01|1509777001000|11|0|3,000
55,65871093|37,57326825|62,748001|2017-11-04 09:30:02|1509777002000|11|0|3,000
55,65857548|37,57311550|64,764000|2017-11-04 09:30:03|1509777003000|10|0|3,000
55,65844618|37,57297563|60,984001|2017-11-04 09:30:04|1509777004000|9|0|3,000
55,65831949|37,57284465|58,572002|2017-11-04 09:30:05|1509777005000|9|0|3,000
55,65820204|37,57270547|55,295998|2017-11-04 09:30:06|1509777006000|10|0|3,000
55,65808814|37,57257685|52,380001|2017-11-04 09:30:07|1509777007000|8|0|3,000
55,65798159|37,57246514|50,543999|2017-11-04 09:30:08|1509777008000|8|0|3,000
55,65787054|37,57235088|50,148003|2017-11-04 09:30:09|1509777009000|10|0|3,000
55,65776690|37,57226350|47,987999|2017-11-04 09:30:10|1509777010000|10|0|3,000
55,65765897|37,57214978|46,368000|2017-11-04 09:30:11|1509777011000|11|0|3,000
55,65756200|37,57204159|44,855999|2017-11-04 09:30:12|1509777012000|9|0|3,000
55,65747738|37,57195324|42,119999|2017-11-04 09:30:13|1509777013000|9|0|3,000
55,65739171|37,57186257|37,655998|2017-11-04 09:30:14|1509777014000|9|0|3,000
55,65731566|37,57177908|33,227997|2017-11-04 09:30:15|1509777015000|11|0|3,000
55,65724170|37,57170087|31,824001|2017-11-04 09:30:16|1509777016000|9|0|3,000
55,65717637|37,57163433|28,907999|2017-11-04 09:30:17|1509777017000|10|0|3,000
55,65712204|37,57157818|25,596001|2017-11-04 09:30:18|1509777018000|9|0|3,000
55,65707974|37,57152828|22,068001|2017-11-04 09:30:19|1509777019000|10|0|3,000
55,65703310|37,57147414|17,963999|2017-11-04 09:30:20|1509777020000|10|0|3,000
55,65700635|37,57144438|13,212000|2017-11-04 09:30:21|1509777021000|9|0|3,000
55,65698028|37,57141410|10,404000|2017-11-04 09:30:22|1509777022000|10|0|3,000
55,65696164|37,57138235|7,848000|2017-11-04 09:30:23|1509777023000|10|0|3,000
55,65695038|37,57137962|4,680000|2017-11-04 09:30:24|1509777024000|9|0|3,000
55,65694503|37,57137217|2,664000|2017-11-04 09:30:25|1509777025000|10|0|3,000
55,65695166|37,57138567|0,000000|2017-11-04 09:30:26|1509777026000|10|0|4,000
55,65694940|37,57138104|0,000000|2017-11-04 09:30:27|1509777027000|10|0|4,000
55,65695034|37,57138742|0,000000|2017-11-04 09:30:28|1509777028000|10|0|4,000
55,65695245|37,57138515|0,000000|2017-11-04 09:30:29|1509777029000|10|0|5,000
55,65695784|37,57138234|0,000000|2017-11-04 09:30:30|1509777030000|10|0|5,000
55,65696494|37,57138103|0,000000|2017-11-04 09:30:31|1509777031000|10|0|5,000
55,65696659|37,57137447|0,000000|2017-11-04 09:30:32|1509777032000|9|0|5,000
55,65696714|37,57136989|0,000000|2017-11-04 09:30:33|1509777033000|10|0|5,000
55,65697186|37,57137015|0,000000|2017-11-04 09:30:34|1509777034000|10|0|5,000
55,65697137|37,57137401|0,000000|2017-11-04 09:30:35|1509777035000|10|0|6,000
55,65696993|37,57137406|0,000000|2017-11-04 09:30:36|1509777036000|10|0|5,000
55,65697005|37,57137531|0,000000|2017-11-04 09:30:37|1509777037000|10|0|5,000
55,65697002|37,57137652|0,000000|2017-11-04 09:30:38|1509777038000|10|0|5,000
55,65697002|37,57137652|0,000000|2017-11-04 09:30:39|1509777039000|9|0|5,000
55,65697004|37,57137653|0,000000|2017-11-04 09:30:40|1509777040000|8|0|4,000
55,65696996|37,57137649|0,000000|2017-11-04 09:30:41|1509777041000|9|0|4,000
55,65696991|37,57137653|0,000000|2017-11-04 09:30:42|1509777042000|10|0|4,000
55,65696981|37,57137655|0,000000|2017-11-04 09:30:43|1509777043000|9|0|4,000
55,65696973|37,57137664|0,000000|2017-11-04 09:30:44|1509777044000|8|0|4,000
55,65696962|37,57137656|0,000000|2017-11-04 09:30:45|1509777045000|9|0|5,000
55,65696954|37,57137649|0,000000|2017-11-04 09:30:46|1509777046000|9|0|5,000
55,65696947|37,57137650|0,000000|2017-11-04 09:30:47|1509777047000|9|0|5,000
55,65696937|37,57137637|0,000000|2017-11-04 09:30:48|1509777048000|9|0|5,000
55,65696926|37,57137638|0,000000|2017-11-04 09:30:49|1509777049000|9|0|5,000
55,65696916|37,57137635|0,000000|2017-11-04 09:30:50|1509777050000|9|0|5,000
55,65696908|37,57137634|0,000000|2017-11-04 09:30:51|1509777051000|9|0|5,000
55,65696906|37,57137638|0,000000|2017-11-04 09:30:52|1509777052000|9|0|5,000
55,65696899|37,57137642|0,000000|2017-11-04 09:30:53|1509777053000|10|0|4,000
55,65696898|37,57137654|0,000000|2017-11-04 09:30:54|1509777054000|10|0|4,000
55,65696895|37,57137660|0,000000|2017-11-04 09:30:55|1509777055000|10|0|4,000
55,65696892|37,57137659|0,000000|2017-11-04 09:30:56|1509777056000|10|0|4,000
55,65696890|37,57137667|0,000000|2017-11-04 09:30:57|1509777057000|9|0|4,000
55,65696886|37,57137671|0,000000|2017-11-04 09:30:58|1509777058000|10|0|4,000
55,65696885|37,57137667|0,000000|2017-11-04 09:30:59|1509777059000|10|0|4,000
55,65696884|37,57137670|0,000000|2017-11-04 09:31:00|1509777060000|10|0|4,000
55,65696886|37,57137666|0,000000|2017-11-04 09:31:01|1509777061000|10|0|4,000
55,65696881|37,57137668|0,000000|2017-11-04 09:31:02|1509777062000|10|0|3,000
55,65696879|37,57137668|0,000000|2017-11-04 09:31:03|1509777063000|10|0|3,000
55,65696876|37,57137670|0,000000|2017-11-04 09:31:04|1509777064000|10|0|3,000
55,65696870|37,57137674|0,000000|2017-11-04 09:31:05|1509777065000|10|0|3,000
55,65696866|37,57137678|0,000000|2017-11-04 09:31:06|1509777066000|10|0|3,000
55,65696861|37,57137677|0,000000|2017-11-04 09:31:07|1509777067000|10|0|3,000
55,65696859|37,57137676|0,000000|2017-11-04 09:31:08|1509777068000|10|0|3,000
55,65696853|37,57137672|0,000000|2017-11-04 09:31:09|1509777069000|10|0|3,000
55,65696850|37,57137668|0,000000|2017-11-04 09:31:10|1509777070000|9|0|3,000
55,65696848|37,57137668|0,000000|2017-11-04 09:31:11|1509777071000|10|0|3,000
55,65696842|37,57137662|0,000000|2017-11-04 09:31:12|1509777072000|9|0|3,000
55,65696840|37,57137660|0,000000|2017-11-04 09:31:13|1509777073000|10|0|3,000
55,65696836|37,57137658|0,000000|2017-11-04 09:31:14|1509777074000|9|0|3,000
55,65696835|37,57137652|0,000000|2017-11-04 09:31:15|1509777075000|9|0|3,000
55,65696833|37,57137646|0,000000|2017-11-04 09:31:16|1509777076000|9|0|3,000
55,65696833|37,57137635|0,000000|2017-11-04 09:31:17|1509777077000|8|0|3,000
55,65696838|37,57137628|0,000000|2017-11-04 09:31:18|1509777078000|9|0|3,000
55,65696841|37,57137629|0,000000|2017-11-04 09:31:19|1509777079000|10|0|3,000
55,65696836|37,57137623|0,000000|2017-11-04 09:31:20|1509777080000|9|0|3,000
55,65696829|37,57137618|0,000000|2017-11-04 09:31:21|1509777081000|10|0|3,000
55,65696826|37,57137612|0,000000|2017-11-04 09:31:22|1509777082000|7|0|3,000
55,65696876|37,57137583|1,656000|2017-11-04 09:31:23|1509777083000|10|0|3,000
55,65697260|37,57138503|0,000000|2017-11-04 09:31:24|1509777084000|9|0|3,000
55,65697016|37,57138451|0,000000|2017-11-04 09:31:25|1509777085000|10|0|3,000
55,65696668|37,57138373|0,000000|2017-11-04 09:31:26|1509777086000|11|0|3,000
55,65696720|37,57137990|0,000000|2017-11-04 09:31:27|1509777087000|10|0|3,000
55,65696433|37,57138002|0,000000|2017-11-04 09:31:28|1509777088000|9|0|3,000
55,65696462|37,57138064|0,000000|2017-11-04 09:31:29|1509777089000|10|0|3,000
55,65696411|37,57138451|0,000000|2017-11-04 09:31:30|1509777090000|9|0|3,000
55,65696223|37,57138222|4,752000|2017-11-04 09:31:31|1509777091000|9|0|3,000
55,65693543|37,57135857|12,960000|2017-11-04 09:31:32|1509777092000|10|0|3,000
55,65689898|37,57132476|17,136002|2017-11-04 09:31:33|1509777093000|10|0|3,000
55,65686089|37,57127963|20,160000|2017-11-04 09:31:34|1509777094000|11|0|3,000
55,65681870|37,57123224|18,612000|2017-11-04 09:31:35|1509777095000|11|0|3,000
55,65677188|37,57118118|22,643999|2017-11-04 09:31:36|1509777096000|11|0|3,000
55,65670951|37,57112165|28,548000|2017-11-04 09:31:37|1509777097000|13|0|3,000
55,65664804|37,57104880|28,440001|2017-11-04 09:31:38|1509777098000|13|0|4,000
55,65657107|37,57096304|36,216003|2017-11-04 09:31:39|1509777099000|13|0|3,000
55,65649561|37,57087601|36,539997|2017-11-04 09:31:40|1509777100000|13|0|3,000
55,65641429|37,57078780|39,743999|2017-11-04 09:31:41|1509777101000|11|0|3,000
55,65631729|37,57068506|45,539997|2017-11-04 09:31:42|1509777102000|11|0|3,000
55,65621557|37,57058057|49,931999|2017-11-04 09:31:43|1509777103000|10|0|3,000
55,65610261|37,57045095|53,424000|2017-11-04 09:31:44|1509777104000|10|0|3,000
55,65598448|37,57032620|52,380001|2017-11-04 09:31:45|1509777105000|11|0|3,000
55,65587708|37,57020399|52,020000|2017-11-04 09:31:46|1509777106000|11|0|3,000
55,65576071|37,57007946|54,107998|2017-11-04 09:31:47|1509777107000|10|0|3,000
55,65563232|37,56995135|57,312000|2017-11-04 09:31:48|1509777108000|11|0|3,000
55,65550646|37,56981772|57,024002|2017-11-04 09:31:49|1509777109000|11|0|3,000
55,65538486|37,56969182|59,652000|2017-11-04 09:31:50|1509777110000|11|0|3,000
55,65525699|37,56953939|59,255997|2017-11-04 09:31:51|1509777111000|10|0|3,000
55,65514224|37,56942431|57,708004|2017-11-04 09:31:52|1509777112000|12|0|3,000
55,65502202|37,56930182|58,284000|2017-11-04 09:31:53|1509777113000|10|0|3,000
55,65489995|37,56916776|58,787998|2017-11-04 09:31:54|1509777114000|10|0|3,000
55,65477137|37,56902125|58,860001|2017-11-04 09:31:55|1509777115000|9|0|3,000
55,65464641|37,56888750|57,672001|2017-11-04 09:31:56|1509777116000|9|0|3,000
55,65452103|37,56874450|60,084003|2017-11-04 09:31:57|1509777117000|10|0|3,000
55,65439841|37,56859305|60,911999|2017-11-04 09:31:58|1509777118000|10|0|3,000
55,65427246|37,56846202|59,076000|2017-11-04 09:31:59|1509777119000|10|0|3,000
55,65414667|37,56834729|57,096001|2017-11-04 09:32:00|1509777120000|11|0|3,000
55,65402529|37,56822072|54,792000|2017-11-04 09:32:01|1509777121000|11|0|3,000
55,65390967|37,56809032|54,144001|2017-11-04 09:32:02|1509777122000|10|0|3,000
55,65379467|37,56795175|53,063999|2017-11-04 09:32:03|1509777123000|10|0|3,000
55,65367141|37,56783437|53,208000|2017-11-04 09:32:04|1509777124000|11|0|3,000
55,65355708|37,56770828|55,872002|2017-11-04 09:32:05|1509777125000|11|0|3,000
55,65342697|37,56757113|58,284000|2017-11-04 09:32:06|1509777126000|11|0|3,000
55,65329256|37,56742962|58,716000|2017-11-04 09:32:07|1509777127000|11|0|3,000
55,65318199|37,56730465|56,700001|2017-11-04 09:32:08|1509777128000|10|0|3,000
55,65305958|37,56717271|56,160000|2017-11-04 09:32:09|1509777129000|10|0|3,000
55,65293521|37,56703654|55,655998|2017-11-04 09:32:10|1509777130000|11|0|3,000
55,65282819|37,56692530|52,704002|2017-11-04 09:32:11|1509777131000|10|0|3,000
55,65272281|37,56680709|47,844002|2017-11-04 09:32:12|1509777132000|10|0|3,000
55,65262518|37,56670847|42,588001|2017-11-04 09:32:13|1509777133000|11|0|3,000
55,65254541|37,56662212|39,492001|2017-11-04 09:32:14|1509777134000|10|0|3,000
55,65246887|37,56655209|31,536001|2017-11-04 09:32:15|1509777135000|10|0|3,000
55,65241622|37,56649927|18,684000|2017-11-04 09:32:16|1509777136000|9|0|3,000
55,65237562|37,56646021|15,228000|2017-11-04 09:32:17|1509777137000|10|0|3,000
55,65235539|37,56643567|7,559999|2017-11-04 09:32:18|1509777138000|10|0|3,000
55,65234814|37,56641525|3,492000|2017-11-04 09:32:19|1509777139000|9|0|3,000
55,65234526|37,56639972|1,116000|2017-11-04 09:32:20|1509777140000|10|0|3,000
55,65234353|37,56638828|0,000000|2017-11-04 09:32:21|1509777141000|10|0|3,000
55,65234142|37,56638227|0,000000|2017-11-04 09:32:22|1509777142000|10|0|4,000
55,65234187|37,56636252|0,000000|2017-11-04 09:32:23|1509777143000|10|0|4,000
55,65233855|37,56635748|0,000000|2017-11-04 09:32:24|1509777144000|10|0|4,000
55,65233442|37,56635841|0,000000|2017-11-04 09:32:25|1509777145000|11|0|4,000
55,65233484|37,56635900|0,000000|2017-11-04 09:32:26|1509777146000|11|0|4,000
55,65233291|37,56636022|0,000000|2017-11-04 09:32:27|1509777147000|10|0|4,000
55,65233643|37,56636499|0,000000|2017-11-04 09:32:28|1509777148000|10|0|4,000
55,65233173|37,56636055|0,000000|2017-11-04 09:32:29|1509777149000|10|0|4,000
55,65232946|37,56635663|0,000000|2017-11-04 09:32:30|1509777150000|10|0|4,000
55,65232878|37,56635716|0,000000|2017-11-04 09:32:31|1509777151000|10|0|3,000
55,65232850|37,56635835|0,000000|2017-11-04 09:32:32|1509777152000|10|0|4,000
55,65232830|37,56635897|0,000000|2017-11-04 09:32:33|1509777153000|9|0|4,000
55,65232832|37,56635931|0,000000|2017-11-04 09:32:34|1509777154000|10|0|4,000
55,65232842|37,56635936|0,000000|2017-11-04 09:32:35|1509777155000|9|0|4,000
55,65232843|37,56635935|0,000000|2017-11-04 09:32:36|1509777156000|9|0|4,000
55,65232845|37,56635935|0,000000|2017-11-04 09:32:37|1509777157000|9|0|4,000
55,65232852|37,56635931|0,000000|2017-11-04 09:32:38|1509777158000|10|0|4,000
55,65232852|37,56635931|0,000000|2017-11-04 09:32:39|1509777159000|10|0|5,000
55,65232852|37,56635931|0,000000|2017-11-04 09:32:40|1509777160000|10|0|5,000
55,65232900|37,56635749|0,000000|2017-11-04 09:32:41|1509777161000|9|0|5,000
55,65232906|37,56635744|0,000000|2017-11-04 09:32:42|1509777162000|9|0|5,000
55,65232907|37,56635738|0,000000|2017-11-04 09:32:43|1509777163000|10|0|4,000
55,65232910|37,56635732|0,000000|2017-11-04 09:32:44|1509777164000|9|0|4,000
55,65232908|37,56635725|0,000000|2017-11-04 09:32:45|1509777165000|9|0|4,000
55,65232913|37,56635726|0,000000|2017-11-04 09:32:46|1509777166000|9|0|4,000
55,65232918|37,56635729|0,000000|2017-11-04 09:32:47|1509777167000|9|0|4,000
55,65232918|37,56635730|0,000000|2017-11-04 09:32:48|1509777168000|11|0|4,000
55,65232921|37,56635735|0,000000|2017-11-04 09:32:49|1509777169000|9|0|3,000
55,65232918|37,56635753|0,000000|2017-11-04 09:32:50|1509777170000|9|0|3,000
55,65232917|37,56635767|0,000000|2017-11-04 09:32:51|1509777171000|11|0|3,000
55,65232917|37,56635792|0,000000|2017-11-04 09:32:52|1509777172000|11|0|4,000
55,65232916|37,56635815|0,000000|2017-11-04 09:32:53|1509777173000|10|0|4,000
55,65232810|37,56636159|0,000000|2017-11-04 09:32:54|1509777174000|10|0|4,000
55,65232704|37,56636496|0,000000|2017-11-04 09:32:55|1509777175000|11|0|4,000
55,65232609|37,56636785|0,000000|2017-11-04 09:32:56|1509777176000|11|0|4,000
55,65232573|37,56636846|0,000000|2017-11-04 09:32:57|1509777177000|11|0|4,000
55,65232570|37,56636851|0,000000|2017-11-04 09:32:58|1509777178000|10|0|4,000
55,65232566|37,56636858|0,000000|2017-11-04 09:32:59|1509777179000|10|0|4,000
55,65232557|37,56636856|0,000000|2017-11-04 09:33:00|1509777180000|9|0|4,000
55,65232555|37,56636860|0,000000|2017-11-04 09:33:01|1509777181000|9|0|4,000
55,65232550|37,56636860|0,000000|2017-11-04 09:33:02|1509777182000|9|0|4,000
55,65232546|37,56636863|0,000000|2017-11-04 09:33:03|1509777183000|10|0|4,000
55,65232540|37,56636858|0,000000|2017-11-04 09:33:04|1509777184000|10|0|4,000
55,65232535|37,56636857|0,000000|2017-11-04 09:33:05|1509777185000|10|0|4,000
55,65232527|37,56636863|0,000000|2017-11-04 09:33:06|1509777186000|11|0|4,000
55,65232522|37,56636863|0,000000|2017-11-04 09:33:07|1509777187000|10|0|4,000
55,65232516|37,56636859|0,000000|2017-11-04 09:33:08|1509777188000|9|0|4,000
55,65232509|37,56636859|0,000000|2017-11-04 09:33:09|1509777189000|9|0|4,000
55,65232506|37,56636856|0,000000|2017-11-04 09:33:10|1509777190000|9|0|4,000
55,65232499|37,56636860|0,000000|2017-11-04 09:33:11|1509777191000|9|0|4,000
55,65232492|37,56636858|0,000000|2017-11-04 09:33:12|1509777192000|9|0|4,000
55,65232482|37,56636857|0,000000|2017-11-04 09:33:13|1509777193000|10|0|4,000
55,65232476|37,56636863|0,000000|2017-11-04 09:33:14|1509777194000|10|0|4,000
55,65232471|37,56636863|0,000000|2017-11-04 09:33:15|1509777195000|9|0|4,000
55,65232466|37,56636870|0,000000|2017-11-04 09:33:16|1509777196000|10|0|4,000
55,65232462|37,56636872|0,000000|2017-11-04 09:33:17|1509777197000|10|0|4,000
55,65232459|37,56636871|0,000000|2017-11-04 09:33:18|1509777198000|12|0|4,000
55,65232448|37,56636877|0,000000|2017-11-04 09:33:19|1509777199000|10|0|4,000
55,65232445|37,56636881|0,000000|2017-11-04 09:33:20|1509777200000|9|0|3,000
55,65232446|37,56636878|0,000000|2017-11-04 09:33:21|1509777201000|9|0|3,000
55,65232450|37,56636875|0,000000|2017-11-04 09:33:22|1509777202000|10|0|3,000
55,65232454|37,56636875|0,000000|2017-11-04 09:33:23|1509777203000|10|0|3,000
55,65232449|37,56636875|0,000000|2017-11-04 09:33:24|1509777204000|10|0|3,000
55,65232402|37,56636810|1,836000|2017-11-04 09:33:25|1509777205000|10|0|3,000
55,65232131|37,56636274|1,044000|2017-11-04 09:33:26|1509777206000|10|0|3,000
55,65232248|37,56637538|0,000000|2017-11-04 09:33:27|1509777207000|11|0|3,000
55,65232233|37,56637347|0,000000|2017-11-04 09:33:28|1509777208000|10|0|3,000
55,65232518|37,56637344|0,000000|2017-11-04 09:33:29|1509777209000|10|0|3,000
55,65232675|37,56637387|0,000000|2017-11-04 09:33:30|1509777210000|10|0|3,000
55,65232613|37,56637295|0,000000|2017-11-04 09:33:31|1509777211000|10|0|3,000
55,65232827|37,56636905|0,000000|2017-11-04 09:33:32|1509777212000|10|0|3,000
55,65232930|37,56636685|0,000000|2017-11-04 09:33:33|1509777213000|10|0|3,000
55,65232704|37,56636869|0,000000|2017-11-04 09:33:34|1509777214000|10|0|3,000
55,65232949|37,56636911|0,000000|2017-11-04 09:33:35|1509777215000|10|0|3,000
55,65233290|37,56637041|0,000000|2017-11-04 09:33:36|1509777216000|10|0|3,000
55,65233416|37,56637113|0,000000|2017-11-04 09:33:37|1509777217000|10|0|3,000
55,65233452|37,56637127|0,000000|2017-11-04 09:33:38|1509777218000|10|0|3,000
55,65233474|37,56637149|0,000000|2017-11-04 09:33:39|1509777219000|11|0|3,000
55,65233482|37,56637173|0,000000|2017-11-04 09:33:40|1509777220000|11|0|3,000
55,65233492|37,56637185|0,000000|2017-11-04 09:33:41|1509777221000|10|0|3,000
55,65233516|37,56637286|0,000000|2017-11-04 09:33:42|1509777222000|10|0|4,000
55,65233403|37,56637488|0,000000|2017-11-04 09:33:43|1509777223000|12|0|4,000
55,65233281|37,56637672|0,000000|2017-11-04 09:33:44|1509777224000|12|0|4,000
55,65233107|37,56637976|0,000000|2017-11-04 09:33:45|1509777225000|12|0|3,000
55,65232866|37,56638452|0,000000|2017-11-04 09:33:46|1509777226000|12|0|3,000
55,65232872|37,56638464|0,000000|2017-11-04 09:33:47|1509777227000|12|0|3,000
55,65232874|37,56638467|0,000000|2017-11-04 09:33:48|1509777228000|10|0|3,000
55,65232872|37,56638471|0,000000|2017-11-04 09:33:49|1509777229000|11|0|3,000
55,65232751|37,56638387|4,032000|2017-11-04 09:33:50|1509777230000|11|0|3,000
55,65231090|37,56636718|9,468000|2017-11-04 09:33:51|1509777231000|12|0|3,000
55,65228289|37,56634402|14,364000|2017-11-04 09:33:52|1509777232000|10|0|3,000
55,65224142|37,56630790|19,619999|2017-11-04 09:33:53|1509777233000|11|0|3,000
55,65220228|37,56627040|19,691999|2017-11-04 09:33:54|1509777234000|11|0|3,000
55,65215380|37,56622633|23,292000|2017-11-04 09:33:55|1509777235000|11|0|3,000
55,65210073|37,56616518|24,875999|2017-11-04 09:33:56|1509777236000|11|0|3,000
55,65203958|37,56610374|30,816002|2017-11-04 09:33:57|1509777237000|11|0|3,000
55,65196121|37,56602196|36,000000|2017-11-04 09:33:58|1509777238000|12|0|3,000
55,65187864|37,56593732|38,916000|2017-11-04 09:33:59|1509777239000|11|0|3,000
55,65180298|37,56588360|38,627998|2017-11-04 09:34:00|1509777240000|12|0|3,000
55,65171102|37,56578227|39,888000|2017-11-04 09:34:01|1509777241000|11|0|3,000
55,65161440|37,56568296|39,743999|2017-11-04 09:34:02|1509777242000|11|0|3,000
55,65151935|37,56559902|44,136002|2017-11-04 09:34:03|1509777243000|10|0|3,000
55,65143239|37,56550104|45,683998|2017-11-04 09:34:04|1509777244000|11|0|3,000
55,65132785|37,56540077|47,880001|2017-11-04 09:34:05|1509777245000|10|0|3,000
55,65121899|37,56529450|49,212002|2017-11-04 09:34:06|1509777246000|10|0|3,000
55,65109882|37,56518623|48,599998|2017-11-04 09:34:07|1509777247000|10|0|3,000
55,65100115|37,56510769|47,124001|2017-11-04 09:34:08|1509777248000|10|0|3,000
55,65089334|37,56503511|46,584000|2017-11-04 09:34:09|1509777249000|11|0|3,000
55,65079122|37,56496984|45,612000|2017-11-04 09:34:10|1509777250000|10|0|3,000
55,65069124|37,56488507|44,748001|2017-11-04 09:34:11|1509777251000|11|0|3,000
55,65059719|37,56480032|42,875999|2017-11-04 09:34:12|1509777252000|12|0|3,000
55,65049671|37,56472199|40,031998|2017-11-04 09:34:13|1509777253000|12|0|3,000
55,65039996|37,56465373|38,880001|2017-11-04 09:34:14|1509777254000|12|0|3,000
55,65030958|37,56457094|35,604000|2017-11-04 09:34:15|1509777255000|12|0|3,000
55,65023096|37,56451234|34,380001|2017-11-04 09:34:16|1509777256000|11|0|3,000
55,65016580|37,56445394|29,160002|2017-11-04 09:34:17|1509777257000|12|0|3,000
55,65010928|37,56441146|22,968000|2017-11-04 09:34:18|1509777258000|11|0|4,000
55,65007261|37,56435129|20,808001|2017-11-04 09:34:19|1509777259000|11|0|4,000
55,65003780|37,56429502|17,136002|2017-11-04 09:34:20|1509777260000|11|0|4,000
55,65001639|37,56423512|13,931999|2017-11-04 09:34:21|1509777261000|11|0|4,000
55,64999950|37,56418520|12,240001|2017-11-04 09:34:22|1509777262000|9|0|5,000
55,64998316|37,56414692|12,420000|2017-11-04 09:34:23|1509777263000|12|0|4,000
55,64997042|37,56410055|11,628000|2017-11-04 09:34:24|1509777264000|10|0|4,000
55,64995634|37,56406334|10,548000|2017-11-04 09:34:25|1509777265000|10|0|4,000
55,64994388|37,56402907|9,576000|2017-11-04 09:34:26|1509777266000|12|0|4,000
55,64992839|37,56399543|9,972000|2017-11-04 09:34:27|1509777267000|12|0|3,000
55,64991791|37,56395650|9,216000|2017-11-04 09:34:28|1509777268000|11|0|3,000
55,64990646|37,56391305|10,259999|2017-11-04 09:34:29|1509777269000|11|0|3,000
55,64989720|37,56386951|10,584001|2017-11-04 09:34:30|1509777270000|11|0|3,000
55,64989211|37,56382435|9,180000|2017-11-04 09:34:31|1509777271000|12|0|3,000
55,64988099|37,56380362|7,416000|2017-11-04 09:34:32|1509777272000|11|0|3,000
55,64988038|37,56378399|4,032000|2017-11-04 09:34:33|1509777273000|11|0|3,000
55,64987982|37,56377089|2,916000|2017-11-04 09:34:34|1509777274000|11|0|3,000
55,64987610|37,56376895|0,000000|2017-11-04 09:34:35|1509777275000|10|0|3,000
55,64986970|37,56376619|0,000000|2017-11-04 09:34:36|1509777276000|12|0|3,000
55,64986553|37,56377054|0,000000|2017-11-04 09:34:37|1509777277000|10|0|3,000
55,64986004|37,56376870|0,000000|2017-11-04 09:34:38|1509777278000|11|0|3,000
55,64985895|37,56377005|0,000000|2017-11-04 09:34:39|1509777279000|11|0|3,000
55,64985119|37,56376983|0,000000|2017-11-04 09:34:40|1509777280000|11|0|3,000
55,64984674|37,56376934|0,000000|2017-11-04 09:34:41|1509777281000|11|0|3,000
55,64984195|37,56376534|0,000000|2017-11-04 09:34:42|1509777282000|10|0|3,000
55,64984018|37,56376490|0,000000|2017-11-04 09:34:43|1509777283000|11|0|3,000
55,64984139|37,56376596|0,000000|2017-11-04 09:34:44|1509777284000|10|0|3,000
55,64984137|37,56376596|0,000000|2017-11-04 09:34:45|1509777285000|11|0|3,000
55,64984233|37,56376685|0,000000|2017-11-04 09:34:46|1509777286000|11|0|3,000
55,64984252|37,56376705|0,000000|2017-11-04 09:34:47|1509777287000|11|0|3,000
55,64984275|37,56376756|0,000000|2017-11-04 09:34:48|1509777288000|10|0|3,000
55,64984287|37,56376773|0,000000|2017-11-04 09:34:49|1509777289000|10|0|3,000
55,64984295|37,56376782|0,000000|2017-11-04 09:34:50|1509777290000|11|0|3,000
55,64984303|37,56376797|0,000000|2017-11-04 09:34:51|1509777291000|10|0|3,000
55,64984305|37,56376800|0,000000|2017-11-04 09:34:52|1509777292000|10|0|3,000
55,64984311|37,56376808|0,000000|2017-11-04 09:34:53|1509777293000|11|0|3,000
55,64984316|37,56376810|0,000000|2017-11-04 09:34:54|1509777294000|11|0|3,000
55,64984313|37,56376810|0,000000|2017-11-04 09:34:55|1509777295000|11|0|3,000
55,64984313|37,56376806|0,000000|2017-11-04 09:34:56|1509777296000|11|0|3,000
55,64984317|37,56376814|0,000000|2017-11-04 09:34:57|1509777297000|11|0|3,000
55,64984315|37,56376811|0,000000|2017-11-04 09:34:58|1509777298000|9|0|3,000
55,64984318|37,56376815|0,000000|2017-11-04 09:34:59|1509777299000|10|0|3,000
55,64984321|37,56376819|0,000000|2017-11-04 09:35:00|1509777300000|10|0|3,000
55,64984324|37,56376830|0,000000|2017-11-04 09:35:01|1509777301000|11|0|3,000
55,64984330|37,56376833|0,000000|2017-11-04 09:35:02|1509777302000|10|0|3,000
55,64984334|37,56376825|0,000000|2017-11-04 09:35:03|1509777303000|11|0|3,000
55,64984290|37,56376536|3,528000|2017-11-04 09:35:04|1509777304000|11|0|3,000
55,64983976|37,56375510|5,112000|2017-11-04 09:35:05|1509777305000|11|0|3,000
55,64983576|37,56370693|12,240001|2017-11-04 09:35:06|1509777306000|11|0|3,000
55,64982277|37,56364270|15,624001|2017-11-04 09:35:07|1509777307000|11|0|3,000
55,64981439|37,56358140|14,508000|2017-11-04 09:35:08|1509777308000|11|0|3,000
55,64979466|37,56353265|14,616000|2017-11-04 09:35:09|1509777309000|11|0|3,000
55,64977360|37,56348091|15,263999|2017-11-04 09:35:10|1509777310000|9|0|3,000
55,64974208|37,56342400|18,360001|2017-11-04 09:35:11|1509777311000|11|0|3,000
55,64970409|37,56338141|17,856001|2017-11-04 09:35:12|1509777312000|9|0|3,000
55,64966059|37,56334473|18,396000|2017-11-04 09:35:13|1509777313000|12|0|3,000
55,64960446|37,56333404|19,799999|2017-11-04 09:35:14|1509777314000|11|0|3,000
55,64956450|37,56334833|17,388000|2017-11-04 09:35:15|1509777315000|12|0|3,000
55,64952355|37,56339399|17,243999|2017-11-04 09:35:16|1509777316000|11|0|3,000
55,64948624|37,56345168|18,827999|2017-11-04 09:35:17|1509777317000|11|0|3,000
55,64946104|37,56352439|20,771999|2017-11-04 09:35:18|1509777318000|11|0|3,000
55,64944363|37,56361672|22,427999|2017-11-04 09:35:19|1509777319000|10|0|3,000
55,64942408|37,56371582|24,444000|2017-11-04 09:35:20|1509777320000|10|0|3,000
55,64940185|37,56381175|23,184000|2017-11-04 09:35:21|1509777321000|11|0|3,000
55,64938141|37,56391387|24,228001|2017-11-04 09:35:22|1509777322000|11|0|3,000
55,64936696|37,56400913|22,356001|2017-11-04 09:35:23|1509777323000|11|0|3,000
55,64935531|37,56407773|19,115999|2017-11-04 09:35:24|1509777324000|10|0|3,000
55,64935309|37,56415052|16,668001|2017-11-04 09:35:25|1509777325000|11|0|3,000
55,64934558|37,56420844|13,752000|2017-11-04 09:35:26|1509777326000|11|0|3,000
55,64934271|37,56424340|8,460000|2017-11-04 09:35:27|1509777327000|11|0|3,000
55,64934088|37,56426430|3,960000|2017-11-04 09:35:28|1509777328000|11|0|3,000
55,64934457|37,56428724|0,000000|2017-11-04 09:35:29|1509777329000|11|0|3,000
55,64934921|37,56428946|0,000000|2017-11-04 09:35:30|1509777330000|10|0|4,000
55,64934882|37,56428468|0,000000|2017-11-04 09:35:31|1509777331000|10|0|4,000
55,64934827|37,56428612|0,000000|2017-11-04 09:35:32|1509777332000|11|0|4,000
55,64934657|37,56428029|0,000000|2017-11-04 09:35:33|1509777333000|11|0|3,000
55,64934410|37,56427417|0,000000|2017-11-04 09:35:34|1509777334000|10|0|4,000
55,64934196|37,56427273|0,000000|2017-11-04 09:35:35|1509777335000|12|0|4,000
55,64934102|37,56427299|0,000000|2017-11-04 09:35:36|1509777336000|11|0|3,000
55,64934109|37,56427243|0,000000|2017-11-04 09:35:37|1509777337000|12|0|3,000
55,64933955|37,56427276|0,000000|2017-11-04 09:35:38|1509777338000|12|0|3,000
55,64933812|37,56427489|0,000000|2017-11-04 09:35:39|1509777339000|13|0|3,000
55,64933453|37,56428173|0,000000|2017-11-04 09:35:40|1509777340000|13|0|3,000
55,64933295|37,56428379|0,000000|2017-11-04 09:35:41|1509777341000|12|0|3,000
55,64933221|37,56428461|0,000000|2017-11-04 09:35:42|1509777342000|11|0|3,000
55,64933146|37,56428551|0,000000|2017-11-04 09:35:43|1509777343000|13|0|3,000
55,64933090|37,56428618|0,000000|2017-11-04 09:35:44|1509777344000|13|0|3,000
55,64933090|37,56428621|0,000000|2017-11-04 09:35:45|1509777345000|12|0|3,000
55,64933089|37,56428620|0,000000|2017-11-04 09:35:46|1509777346000|12|0|3,000
55,64933070|37,56428638|0,000000|2017-11-04 09:35:47|1509777347000|12|0|3,000
55,64933076|37,56428632|0,000000|2017-11-04 09:35:48|1509777348000|12|0|3,000
55,64933074|37,56428631|0,000000|2017-11-04 09:35:49|1509777349000|11|0|3,000
55,64933073|37,56428630|0,000000|2017-11-04 09:35:50|1509777350000|10|0|3,000
55,64933072|37,56428631|0,000000|2017-11-04 09:35:51|1509777351000|11|0|3,000
55,64932497|37,56429651|0,000000|2017-11-04 09:35:52|1509777352000|10|0|3,000
55,64932497|37,56429647|0,000000|2017-11-04 09:35:53|1509777353000|12|0|3,000
55,64932500|37,56429638|0,000000|2017-11-04 09:35:54|1509777354000|11|0|3,000
55,64932493|37,56429646|0,000000|2017-11-04 09:35:55|1509777355000|12|0|3,000
55,64932483|37,56429657|0,000000|2017-11-04 09:35:56|1509777356000|11|0|3,000
55,64932472|37,56429671|0,000000|2017-11-04 09:35:57|1509777357000|11|0|3,000
55,64932464|37,56429687|0,000000|2017-11-04 09:35:58|1509777358000|12|0|3,000
55,64932460|37,56429687|0,000000|2017-11-04 09:35:59|1509777359000|11|0|3,000
55,64932452|37,56429701|0,000000|2017-11-04 09:36:00|1509777360000|12|0|3,000
55,64932442|37,56429705|0,000000|2017-11-04 09:36:01|1509777361000|12|0|4,000
55,64932436|37,56429703|0,000000|2017-11-04 09:36:02|1509777362000|13|0|3,000
55,64931897|37,56430799|0,000000|2017-11-04 09:36:03|1509777363000|12|0|3,000
55,64931883|37,56430817|0,000000|2017-11-04 09:36:04|1509777364000|13|0|3,000
55,64931590|37,56431311|0,000000|2017-11-04 09:36:05|1509777365000|12|0|3,000
55,64931595|37,56431297|0,000000|2017-11-04 09:36:06|1509777366000|12|0|3,000
55,64931595|37,56431288|0,000000|2017-11-04 09:36:07|1509777367000|11|0|3,000
55,64931591|37,56431287|0,000000|2017-11-04 09:36:08|1509777368000|11|0|3,000
55,64931593|37,56431275|0,000000|2017-11-04 09:36:09|1509777369000|12|0|3,000
55,64931589|37,56431269|0,000000|2017-11-04 09:36:10|1509777370000|13|0|3,000
55,64931545|37,56431296|0,000000|2017-11-04 09:36:11|1509777371000|12|0|3,000
55,64931943|37,56432191|5,364000|2017-11-04 09:36:12|1509777372000|12|0|3,000
55,64931601|37,56436357|12,564000|2017-11-04 09:36:13|1509777373000|12|0|3,000
55,64931491|37,56442176|17,100000|2017-11-04 09:36:14|1509777374000|12|0|3,000
55,64930063|37,56450657|20,052000|2017-11-04 09:36:15|1509777375000|12|0|3,000
55,64928879|37,56458334|21,024000|2017-11-04 09:36:16|1509777376000|12|0|3,000
55,64927546|37,56468135|24,984001|2017-11-04 09:36:17|1509777377000|13|0|3,000
55,64925559|37,56480236|30,060001|2017-11-04 09:36:18|1509777378000|12|0|3,000
55,64922835|37,56494014|36,072002|2017-11-04 09:36:19|1509777379000|11|0|3,000
55,64920266|37,56509629|41,256001|2017-11-04 09:36:20|1509777380000|9|0|3,000
55,64916690|37,56527110|42,227997|2017-11-04 09:36:21|1509777381000|9|0|3,000
55,64912930|37,56545363|41,436001|2017-11-04 09:36:22|1509777382000|11|0|3,000
55,64909711|37,56563292|42,731998|2017-11-04 09:36:23|1509777383000|12|0|3,000
55,64905001|37,56581216|44,243999|2017-11-04 09:36:24|1509777384000|12|0|3,000
55,64900843|37,56599243|43,992001|2017-11-04 09:36:25|1509777385000|12|0|3,000
55,64896218|37,56618931|42,768002|2017-11-04 09:36:26|1509777386000|12|0|3,000
55,64892302|37,56635271|42,372002|2017-11-04 09:36:27|1509777387000|11|0|3,000
55,64888382|37,56651611|42,407997|2017-11-04 09:36:28|1509777388000|11|0|3,000
55,64884350|37,56668955|43,127998|2017-11-04 09:36:29|1509777389000|12|0|3,000
55,64880846|37,56685811|41,688000|2017-11-04 09:36:30|1509777390000|12|0|3,000
55,64876774|37,56702717|41,363998|2017-11-04 09:36:31|1509777391000|12|0|3,000
55,64872382|37,56720414|40,572002|2017-11-04 09:36:32|1509777392000|11|0|3,000
55,64869423|37,56735615|39,167999|2017-11-04 09:36:33|1509777393000|10|0|3,000
55,64865783|37,56752730|41,436001|2017-11-04 09:36:34|1509777394000|11|0|3,000
55,64861477|37,56769260|40,031998|2017-11-04 09:36:35|1509777395000|10|0|3,000
55,64857750|37,56785476|36,576000|2017-11-04 09:36:36|1509777396000|9|0|3,000
55,64854868|37,56802203|39,167999|2017-11-04 09:36:37|1509777397000|10|0|3,000
55,64850862|37,56817443|35,639999|2017-11-04 09:36:38|1509777398000|10|0|3,000
55,64846474|37,56832788|34,416000|2017-11-04 09:36:39|1509777399000|11|0|4,000
55,64844260|37,56844009|29,087999|2017-11-04 09:36:40|1509777400000|12|0|4,000
55,64842022|37,56854412|25,380001|2017-11-04 09:36:41|1509777401000|11|0|3,000
55,64839773|37,56865261|22,931999|2017-11-04 09:36:42|1509777402000|11|0|4,000
55,64837835|37,56872410|18,863998|2017-11-04 09:36:43|1509777403000|11|0|3,000
55,64836253|37,56879769|15,408001|2017-11-04 09:36:44|1509777404000|11|0|3,000
55,64835315|37,56884497|12,600000|2017-11-04 09:36:45|1509777405000|11|0|3,000
55,64834255|37,56888705|9,504001|2017-11-04 09:36:46|1509777406000|12|0|3,000
55,64833540|37,56891550|7,452000|2017-11-04 09:36:47|1509777407000|11|0|3,000
55,64833013|37,56893481|5,040000|2017-11-04 09:36:48|1509777408000|11|0|3,000
55,64832519|37,56893485|1,872000|2017-11-04 09:36:49|1509777409000|11|0|3,000
55,64832622|37,56893575|0,000000|2017-11-04 09:36:50|1509777410000|11|0|3,000
55,64832254|37,56893868|0,000000|2017-11-04 09:36:51|1509777411000|11|0|3,000
55,64832018|37,56892941|0,000000|2017-11-04 09:36:52|1509777412000|11|0|3,000
55,64831956|37,56893125|0,828000|2017-11-04 09:36:53|1509777413000|11|0|3,000
55,64831064|37,56895795|3,960000|2017-11-04 09:36:54|1509777414000|12|0|3,000
55,64829780|37,56900917|10,404000|2017-11-04 09:36:55|1509777415000|11|0|3,000
55,64828590|37,56907862|16,740000|2017-11-04 09:36:56|1509777416000|10|0|3,000
55,64826531|37,56916581|20,591999|2017-11-04 09:36:57|1509777417000|10|0|3,000
55,64825419|37,56925144|22,716000|2017-11-04 09:36:58|1509777418000|11|0|3,000
55,64822489|37,56932704|22,896000|2017-11-04 09:36:59|1509777419000|12|0|3,000
55,64819135|37,56944820|28,368000|2017-11-04 09:37:00|1509777420000|12|0|4,000
55,64816054|37,56960434|36,251999|2017-11-04 09:37:01|1509777421000|12|0|3,000
55,64812040|37,56976370|37,727997|2017-11-04 09:37:02|1509777422000|11|0|4,000
55,64808208|37,56994826|40,464001|2017-11-04 09:37:03|1509777423000|11|0|3,000
55,64804331|37,57012785|45,287998|2017-11-04 09:37:04|1509777424000|11|0|3,000
55,64799020|37,57035352|50,220001|2017-11-04 09:37:05|1509777425000|11|0|3,000
55,64794756|37,57055712|52,307999|2017-11-04 09:37:06|1509777426000|11|0|3,000
55,64789748|37,57077946|53,495998|2017-11-04 09:37:07|1509777427000|11|0|3,000
55,64784325|37,57103239|57,060001|2017-11-04 09:37:08|1509777428000|11|0|3,000
55,64778984|37,57127948|61,452000|2017-11-04 09:37:09|1509777429000|11|0|3,000
55,64772981|37,57154812|64,512001|2017-11-04 09:37:10|1509777430000|11|0|3,000
55,64766375|37,57184087|66,672005|2017-11-04 09:37:11|1509777431000|11|0|3,000
55,64760435|37,57209891|67,536003|2017-11-04 09:37:12|1509777432000|11|0|3,000
55,64753457|37,57240097|68,400002|2017-11-04 09:37:13|1509777433000|11|0|3,000
55,64746614|37,57269449|71,532005|2017-11-04 09:37:14|1509777434000|11|0|3,000
55,64739940|37,57297242|72,792000|2017-11-04 09:37:15|1509777435000|11|0|3,000
55,64732282|37,57328710|73,008003|2017-11-04 09:37:16|1509777436000|11|0|3,000
55,64725667|37,57356620|73,260002|2017-11-04 09:37:17|1509777437000|11|0|3,000
55,64718327|37,57386412|73,223999|2017-11-04 09:37:18|1509777438000|11|0|3,000
55,64710381|37,57417845|72,900002|2017-11-04 09:37:19|1509777439000|11|0|3,000
55,64703427|37,57444889|71,855995|2017-11-04 09:37:20|1509777440000|11|0|3,000
55,64695672|37,57474250|69,875999|2017-11-04 09:37:21|1509777441000|10|0|3,000
55,64688345|37,57499967|68,436005|2017-11-04 09:37:22|1509777442000|10|0|3,000
55,64681222|37,57528389|68,832001|2017-11-04 09:37:23|1509777443000|10|0|3,000
55,64673330|37,57557497|68,688004|2017-11-04 09:37:24|1509777444000|10|0|3,000
55,64665561|37,57582036|68,508003|2017-11-04 09:37:25|1509777445000|11|0|4,000
55,64657218|37,57608636|68,688004|2017-11-04 09:37:26|1509777446000|11|0|3,000
55,64649065|37,57636021|68,760002|2017-11-04 09:37:27|1509777447000|11|0|3,000
55,64641350|37,57660497|69,515999|2017-11-04 09:37:28|1509777448000|11|0|3,000
55,64632781|37,57688594|69,695999|2017-11-04 09:37:29|1509777449000|11|0|3,000
55,64624861|37,57713628|69,587997|2017-11-04 09:37:30|1509777450000|11|0|3,000
55,64617110|37,57741470|69,695999|2017-11-04 09:37:31|1509777451000|11|0|3,000
55,64609809|37,57767712|68,832001|2017-11-04 09:37:32|1509777452000|11|0|3,000
55,64602192|37,57794685|68,940002|2017-11-04 09:37:33|1509777453000|11|0|3,000
55,64593940|37,57820659|68,148003|2017-11-04 09:37:34|1509777454000|11|0|3,000
55,64585111|37,57845704|66,959999|2017-11-04 09:37:35|1509777455000|11|0|3,000
55,64577181|37,57871803|66,024002|2017-11-04 09:37:36|1509777456000|11|0|3,000
55,64569623|37,57896811|65,015999|2017-11-04 09:37:37|1509777457000|10|0|3,000
55,64560281|37,57925065|64,512001|2017-11-04 09:37:38|1509777458000|11|0|3,000
55,64552393|37,57949537|62,820004|2017-11-04 09:37:39|1509777459000|11|0|3,000
55,64545212|37,57974459|62,424000|2017-11-04 09:37:40|1509777460000|11|0|3,000
55,64537946|37,57997670|61,524002|2017-11-04 09:37:41|1509777461000|10|0|3,000
55,64530884|37,58019929|58,175999|2017-11-04 09:37:42|1509777462000|11|0|3,000
55,64524115|37,58042441|56,736000|2017-11-04 09:37:43|1509777463000|11|0|3,000
55,64517993|37,58064634|56,160000|2017-11-04 09:37:44|1509777464000|11|0|3,000
55,64512187|37,58086900|55,332001|2017-11-04 09:37:45|1509777465000|11|0|3,000
55,64504720|37,58109176|54,900002|2017-11-04 09:37:46|1509777466000|11|0|3,000
55,64499368|37,58130018|54,107998|2017-11-04 09:37:47|1509777467000|11|0|3,000
55,64493544|37,58148134|50,580002|2017-11-04 09:37:48|1509777468000|11|0|3,000
55,64487468|37,58166349|48,239998|2017-11-04 09:37:49|1509777469000|11|0|3,000
55,64481931|37,58183930|46,980000|2017-11-04 09:37:50|1509777470000|11|0|3,000
55,64476479|37,58202348|47,268002|2017-11-04 09:37:51|1509777471000|11|0|3,000
55,64470209|37,58220068|46,548000|2017-11-04 09:37:52|1509777472000|10|0|3,000
55,64464094|37,58238214|45,756001|2017-11-04 09:37:53|1509777473000|10|0|3,000
55,64457777|37,58254561|45,072002|2017-11-04 09:37:54|1509777474000|10|0|3,000
55,64452491|37,58271801|43,956001|2017-11-04 09:37:55|1509777475000|9|0|3,000
55,64447635|37,58288578|43,596001|2017-11-04 09:37:56|1509777476000|10|0|3,000
55,64442856|37,58305240|42,983997|2017-11-04 09:37:57|1509777477000|11|0|3,000
55,64437252|37,58323000|43,956001|2017-11-04 09:37:58|1509777478000|11|0|4,000
55,64431920|37,58340323|42,516003|2017-11-04 09:37:59|1509777479000|11|0|3,000
55,64427082|37,58355045|40,680000|2017-11-04 09:38:00|1509777480000|11|0|3,000
55,64422359|37,58371016|40,212002|2017-11-04 09:38:01|1509777481000|11|0|3,000
55,64417355|37,58385583|38,231998|2017-11-04 09:38:02|1509777482000|10|0|3,000
55,64412436|37,58400650|38,987999|2017-11-04 09:38:03|1509777483000|11|0|3,000
55,64407613|37,58414093|38,556000|2017-11-04 09:38:04|1509777484000|11|0|3,000
55,64403083|37,58429564|39,492001|2017-11-04 09:38:05|1509777485000|11|0|3,000
55,64397846|37,58442716|36,648003|2017-11-04 09:38:06|1509777486000|10|0|3,000
55,64394686|37,58455326|34,632000|2017-11-04 09:38:07|1509777487000|11|0|3,000
55,64391173|37,58467812|30,348001|2017-11-04 09:38:08|1509777488000|11|0|3,000
55,64388302|37,58477525|26,100000|2017-11-04 09:38:09|1509777489000|11|0|3,000
55,64385480|37,58486417|20,340000|2017-11-04 09:38:10|1509777490000|10|0|3,000
55,64382579|37,58493654|17,172001|2017-11-04 09:38:11|1509777491000|10|0|3,000
55,64379836|37,58497474|18,072001|2017-11-04 09:38:12|1509777492000|11|0|3,000
55,64374771|37,58501438|17,208000|2017-11-04 09:38:13|1509777493000|11|0|3,000
55,64371752|37,58502614|16,019999|2017-11-04 09:38:14|1509777494000|11|0|3,000
55,64367409|37,58503544|15,191999|2017-11-04 09:38:15|1509777495000|10|0|3,000
55,64364008|37,58504574|15,840000|2017-11-04 09:38:16|1509777496000|11|0|3,000
55,64360415|37,58504026|16,920000|2017-11-04 09:38:17|1509777497000|11|0|3,000
55,64356285|37,58505406|15,731999|2017-11-04 09:38:18|1509777498000|11|0|3,000
55,64352105|37,58505238|16,452000|2017-11-04 09:38:19|1509777499000|10|0|4,000
55,64347556|37,58504551|15,119999|2017-11-04 09:38:20|1509777500000|11|0|3,000
55,64344124|37,58504339|14,148001|2017-11-04 09:38:21|1509777501000|11|0|3,000
55,64341350|37,58504034|10,620000|2017-11-04 09:38:22|1509777502000|11|0|3,000
55,64339122|37,58503721|9,648001|2017-11-04 09:38:23|1509777503000|12|0|3,000
55,64337591|37,58505814|6,336000|2017-11-04 09:38:24|1509777504000|10|0|3,000
55,64336247|37,58507462|7,128000|2017-11-04 09:38:25|1509777505000|11|0|3,000
55,64334412|37,58509800|5,112000|2017-11-04 09:38:26|1509777506000|12|0|3,000
55,64334526|37,58512096|5,688000|2017-11-04 09:38:27|1509777507000|9|0|3,000
55,64334365|37,58513458|4,176000|2017-11-04 09:38:28|1509777508000|11|0|3,000
55,64334975|37,58514250|1,440000|2017-11-04 09:38:29|1509777509000|11|0|3,000
55,64333974|37,58514117|1,080000|2017-11-04 09:38:30|1509777510000|8|0|4,000
55,64333700|37,58514222|1,080000|2017-11-04 09:38:31|1509777511000|8|0|4,000
55,64332073|37,58513343|0,000000|2017-11-04 09:38:32|1509777512000|7|0|4,000
55,64331863|37,58513729|0,000000|2017-11-04 09:38:33|1509777513000|10|0|5,000
55,64331892|37,58514417|0,000000|2017-11-04 09:38:34|1509777514000|10|0|5,000
