55,80248797|37,52875908|12,456000|2015-10-26 14:30:07|1445859007000|10|0|17,000
55,80258644|37,52885628|2,664000|2015-10-26 14:30:09|1445859009000|11|0|12,000
55,80268406|37,52889482|0,000000|2015-10-26 14:30:11|1445859011000|12|0|10,000
55,80276091|37,52898449|0,000000|2015-10-26 14:30:16|1445859016000|12|0|7,000
55,80283303|37,52885410|11,700000|2015-10-26 14:30:51|1445859051000|11|0|5,000
55,80287848|37,52864717|14,184000|2015-10-26 14:30:54|1445859054000|11|0|6,000
55,80293083|37,52848865|10,836000|2015-10-26 14:30:57|1445859057000|11|0|7,000
55,80301977|37,52837711|2,628000|2015-10-26 14:31:04|1445859064000|11|0|9,000
55,80295142|37,52826863|10,800000|2015-10-26 14:31:09|1445859069000|10|0|10,000
55,80286074|37,52817549|14,759999|2015-10-26 14:31:12|1445859072000|10|0|13,000
55,80283789|37,52795749|10,332000|2015-10-26 14:31:16|1445859076000|9|0|14,000
55,80279293|37,52776995|7,272000|2015-10-26 14:31:20|1445859080000|9|0|16,000
55,80283156|37,52756962|8,208000|2015-10-26 14:31:31|1445859091000|9|0|15,000
55,80283620|37,52740991|7,056000|2015-10-26 14:31:33|1445859093000|9|0|13,000
55,80282311|37,52720572|13,032000|2015-10-26 14:31:38|1445859098000|9|0|13,000
55,80274051|37,52703656|20,771999|2015-10-26 14:31:41|1445859101000|9|0|13,000
55,80265161|37,52683418|24,119999|2015-10-26 14:31:43|1445859103000|9|0|15,000
55,80255443|37,52674953|17,963999|2015-10-26 14:31:45|1445859105000|8|0|12,000
55,80245390|37,52668913|12,564000|2015-10-26 14:31:48|1445859108000|11|0|11,000
55,80242858|37,52648399|16,416000|2015-10-26 14:31:52|1445859112000|12|0|9,000
55,80244656|37,52626883|28,944000|2015-10-26 14:31:54|1445859114000|12|0|9,000
55,80248239|37,52610634|34,992001|2015-10-26 14:31:55|1445859115000|12|0|10,000
55,80251914|37,52592742|40,607998|2015-10-26 14:31:56|1445859116000|12|0|9,000
55,80257137|37,52574258|41,543999|2015-10-26 14:31:57|1445859117000|12|0|9,000
55,80261087|37,52556002|44,675999|2015-10-26 14:31:58|1445859118000|12|0|9,000
55,80265375|37,52536826|47,520000|2015-10-26 14:31:59|1445859119000|12|0|9,000
55,80270016|37,52515611|51,336002|2015-10-26 14:32:00|1445859120000|12|0|9,000
55,80276310|37,52494668|51,875999|2015-10-26 14:32:01|1445859121000|12|0|10,000
55,80281824|37,52475247|48,708000|2015-10-26 14:32:02|1445859122000|12|0|10,000
55,80286910|37,52454682|47,663998|2015-10-26 14:32:03|1445859123000|12|0|10,000
55,80291281|37,52435159|46,944000|2015-10-26 14:32:04|1445859124000|13|0|10,000
55,80295957|37,52416243|48,708000|2015-10-26 14:32:05|1445859125000|13|0|10,000
55,80302015|37,52396587|51,588001|2015-10-26 14:32:06|1445859126000|13|0|9,000
55,80306943|37,52373843|54,683998|2015-10-26 14:32:07|1445859127000|13|0|9,000
55,80312775|37,52351357|55,332001|2015-10-26 14:32:08|1445859128000|13|0|9,000
55,80318039|37,52327646|56,627998|2015-10-26 14:32:09|1445859129000|13|0|9,000
55,80324317|37,52303771|59,003998|2015-10-26 14:32:10|1445859130000|13|0|9,000
55,80330231|37,52278684|60,948002|2015-10-26 14:32:11|1445859131000|13|0|9,000
55,80336711|37,52253665|62,460003|2015-10-26 14:32:12|1445859132000|13|0|9,000
55,80342699|37,52226604|64,260002|2015-10-26 14:32:13|1445859133000|13|0|9,000
55,80348931|37,52199304|66,059998|2015-10-26 14:32:14|1445859134000|13|0|3,000
55,80355564|37,52172135|66,888000|2015-10-26 14:32:15|1445859135000|13|0|3,000
55,80361421|37,52146111|65,195999|2015-10-26 14:32:16|1445859136000|13|0|4,000
55,80366982|37,52120587|63,287998|2015-10-26 14:32:17|1445859137000|13|0|4,000
55,80371965|37,52095022|62,639999|2015-10-26 14:32:18|1445859138000|13|0|4,000
55,80378504|37,52069563|62,567997|2015-10-26 14:32:19|1445859139000|13|0|5,000
55,80383927|37,52045503|60,551998|2015-10-26 14:32:20|1445859140000|13|0|4,000
55,80389593|37,52022557|59,760002|2015-10-26 14:32:21|1445859141000|13|0|4,000
55,80396476|37,51998774|59,615997|2015-10-26 14:32:22|1445859142000|12|0|4,000
55,80402526|37,51974105|59,903999|2015-10-26 14:32:23|1445859143000|12|0|3,000
55,80408582|37,51949730|59,723999|2015-10-26 14:32:24|1445859144000|12|0|4,000
55,80413855|37,51926210|59,760002|2015-10-26 14:32:25|1445859145000|12|0|3,000
55,80420732|37,51901285|59,903999|2015-10-26 14:32:26|1445859146000|12|0|3,000
55,80426427|37,51876765|59,832005|2015-10-26 14:32:27|1445859147000|13|0|3,000
55,80432139|37,51852564|60,336002|2015-10-26 14:32:28|1445859148000|13|0|3,000
55,80437783|37,51827673|61,812000|2015-10-26 14:32:29|1445859149000|12|0|4,000
55,80445037|37,51801615|63,936001|2015-10-26 14:32:30|1445859150000|13|0|4,000
55,80451559|37,51774420|65,304001|2015-10-26 14:32:31|1445859151000|13|0|4,000
55,80457625|37,51746495|66,239998|2015-10-26 14:32:32|1445859152000|13|0|4,000
55,80464394|37,51718935|67,032005|2015-10-26 14:32:33|1445859153000|13|0|5,000
55,80470728|37,51692198|67,248001|2015-10-26 14:32:34|1445859154000|13|0|6,000
55,80477014|37,51663583|66,491997|2015-10-26 14:32:35|1445859155000|13|0|7,000
55,80483551|37,51637204|65,736000|2015-10-26 14:32:36|1445859156000|13|0|7,000
55,80490288|37,51610358|64,835999|2015-10-26 14:32:37|1445859157000|13|0|7,000
55,80497325|37,51584985|63,503998|2015-10-26 14:32:38|1445859158000|13|0|7,000
55,80504263|37,51558887|62,567997|2015-10-26 14:32:39|1445859159000|13|0|8,000
55,80509296|37,51534352|60,840000|2015-10-26 14:32:40|1445859160000|13|0|7,000
55,80513295|37,51511167|58,932003|2015-10-26 14:32:41|1445859161000|13|0|7,000
55,80517868|37,51491788|53,892002|2015-10-26 14:32:42|1445859162000|12|0|7,000
55,80522376|37,51477040|41,220001|2015-10-26 14:32:43|1445859163000|11|0|6,000
55,80530025|37,51451545|31,572002|2015-10-26 14:32:45|1445859165000|13|0|5,000
55,80537271|37,51425324|33,155998|2015-10-26 14:32:47|1445859167000|13|0|5,000
55,80540939|37,51409554|35,964001|2015-10-26 14:32:48|1445859168000|13|0|4,000
55,80544356|37,51393646|37,548000|2015-10-26 14:32:49|1445859169000|13|0|4,000
55,80551609|37,51366495|33,336002|2015-10-26 14:32:51|1445859171000|13|0|5,000
55,80554758|37,51344365|25,991999|2015-10-26 14:32:53|1445859173000|13|0|5,000
55,80556821|37,51323276|23,544001|2015-10-26 14:32:55|1445859175000|13|0|4,000
55,80549265|37,51305234|25,164000|2015-10-26 14:32:57|1445859177000|13|0|4,000
55,80539254|37,51299248|24,191999|2015-10-26 14:32:59|1445859179000|13|0|4,000
55,80525588|37,51306301|25,812000|2015-10-26 14:33:01|1445859181000|13|0|5,000
55,80517046|37,51324665|28,188000|2015-10-26 14:33:03|1445859183000|12|0|5,000
55,80510675|37,51351506|32,039997|2015-10-26 14:33:05|1445859185000|12|0|5,000
55,80501564|37,51379658|35,136002|2015-10-26 14:33:07|1445859187000|12|0|5,000
55,80495583|37,51412138|39,599998|2015-10-26 14:33:09|1445859189000|11|0|7,000
55,80491330|37,51428581|41,795998|2015-10-26 14:33:10|1445859190000|12|0|5,000
55,80486769|37,51445734|41,256001|2015-10-26 14:33:11|1445859191000|12|0|4,000
55,80481941|37,51462757|44,172001|2015-10-26 14:33:12|1445859192000|11|0|4,000
55,80477207|37,51482786|46,512001|2015-10-26 14:33:13|1445859193000|11|0|4,000
55,80473136|37,51501837|46,260002|2015-10-26 14:33:14|1445859194000|11|0|4,000
55,80468868|37,51519897|45,396000|2015-10-26 14:33:15|1445859195000|12|0|4,000
55,80464233|37,51539319|45,827999|2015-10-26 14:33:16|1445859196000|13|0|3,000
55,80458553|37,51557631|47,375999|2015-10-26 14:33:17|1445859197000|13|0|3,000
55,80453347|37,51577571|49,607998|2015-10-26 14:33:18|1445859198000|13|0|3,000
55,80448245|37,51596859|50,327999|2015-10-26 14:33:19|1445859199000|13|0|3,000
55,80443121|37,51617099|49,572002|2015-10-26 14:33:20|1445859200000|13|0|3,000
55,80437263|37,51637632|50,975998|2015-10-26 14:33:21|1445859201000|13|0|3,000
55,80431343|37,51657930|50,975998|2015-10-26 14:33:22|1445859202000|13|0|3,000
55,80425339|37,51677677|50,688000|2015-10-26 14:33:23|1445859203000|14|0|3,000
55,80419723|37,51696637|50,327999|2015-10-26 14:33:24|1445859204000|14|0|4,000
55,80411506|37,51717059|52,416000|2015-10-26 14:33:25|1445859205000|14|0|5,000
55,80404538|37,51737356|52,056000|2015-10-26 14:33:26|1445859206000|14|0|7,000
55,80398201|37,51753353|50,183998|2015-10-26 14:33:27|1445859207000|13|0|6,000
55,80393377|37,51772164|48,132000|2015-10-26 14:33:28|1445859208000|13|0|5,000
55,80388543|37,51790929|47,663998|2015-10-26 14:33:29|1445859209000|14|0|6,000
55,80382901|37,51809225|47,340000|2015-10-26 14:33:30|1445859210000|13|0|5,000
55,80377221|37,51828777|48,096001|2015-10-26 14:33:31|1445859211000|13|0|4,000
55,80371581|37,51847363|47,700001|2015-10-26 14:33:32|1445859212000|13|0|4,000
55,80367674|37,51867355|47,340000|2015-10-26 14:33:33|1445859213000|13|0|4,000
55,80362577|37,51886590|48,599998|2015-10-26 14:33:34|1445859214000|13|0|4,000
55,80358897|37,51906341|47,844002|2015-10-26 14:33:35|1445859215000|13|0|4,000
55,80353928|37,51926249|47,880001|2015-10-26 14:33:36|1445859216000|13|0|3,000
55,80349826|37,51946302|48,743999|2015-10-26 14:33:37|1445859217000|13|0|3,000
55,80344079|37,51966305|49,716003|2015-10-26 14:33:38|1445859218000|14|0|3,000
55,80339931|37,51986732|50,112000|2015-10-26 14:33:39|1445859219000|14|0|3,000
55,80335365|37,52007358|51,084000|2015-10-26 14:33:40|1445859220000|14|0|3,000
55,80330079|37,52028750|51,588001|2015-10-26 14:33:41|1445859221000|14|0|3,000
55,80324411|37,52049871|52,020000|2015-10-26 14:33:42|1445859222000|14|0|3,000
55,80318901|37,52071001|52,452000|2015-10-26 14:33:43|1445859223000|14|0|3,000
55,80313546|37,52092411|52,452000|2015-10-26 14:33:44|1445859224000|14|0|3,000
55,80308481|37,52113985|52,919998|2015-10-26 14:33:45|1445859225000|14|0|3,000
55,80302928|37,52134959|53,028000|2015-10-26 14:33:46|1445859226000|14|0|3,000
55,80297578|37,52156590|52,344002|2015-10-26 14:33:47|1445859227000|14|0|3,000
55,80292614|37,52178128|51,875999|2015-10-26 14:33:48|1445859228000|14|0|3,000
55,80287711|37,52197229|49,572002|2015-10-26 14:33:49|1445859229000|14|0|3,000
55,80282872|37,52218426|49,427998|2015-10-26 14:33:50|1445859230000|14|0|3,000
55,80277363|37,52238504|51,192001|2015-10-26 14:33:51|1445859231000|14|0|3,000
55,80271521|37,52260059|54,431999|2015-10-26 14:33:52|1445859232000|8|0|3,000
55,80265983|37,52282801|57,383999|2015-10-26 14:33:53|1445859233000|9|0|3,000
55,80260304|37,52306146|57,383999|2015-10-26 14:33:54|1445859234000|9|0|4,000
55,80253792|37,52333075|60,372002|2015-10-26 14:33:55|1445859235000|9|0|3,000
55,80247003|37,52356525|60,732002|2015-10-26 14:33:56|1445859236000|9|0|4,000
55,80239950|37,52379396|59,112000|2015-10-26 14:33:57|1445859237000|9|0|4,000
55,80233212|37,52403084|59,039997|2015-10-26 14:33:58|1445859238000|9|0|4,000
55,80227164|37,52426938|59,039997|2015-10-26 14:33:59|1445859239000|9|0|5,000
55,80221050|37,52450916|61,344002|2015-10-26 14:34:00|1445859240000|8|0|4,000
55,80214871|37,52475776|61,344002|2015-10-26 14:34:01|1445859241000|8|0|4,000
55,80209258|37,52499729|62,208004|2015-10-26 14:34:02|1445859242000|8|0|5,000
55,80202456|37,52527345|63,612000|2015-10-26 14:34:03|1445859243000|8|0|4,000
55,80197188|37,52552231|64,872002|2015-10-26 14:34:04|1445859244000|11|0|4,000
55,80190456|37,52579364|65,412003|2015-10-26 14:34:05|1445859245000|7|0|4,000
55,80183718|37,52604769|66,599998|2015-10-26 14:34:06|1445859246000|9|0|4,000
55,80176304|37,52632610|68,472000|2015-10-26 14:34:07|1445859247000|8|0|4,000
55,80168811|37,52659866|68,472000|2015-10-26 14:34:08|1445859248000|8|0|4,000
55,80162167|37,52691810|69,408005|2015-10-26 14:34:09|1445859249000|7|0|4,000
55,80155311|37,52720042|69,408005|2015-10-26 14:34:10|1445859250000|7|0|5,000
55,80146479|37,52748134|68,579994|2015-10-26 14:34:11|1445859251000|10|0|5,000
55,80139585|37,52773304|66,311996|2015-10-26 14:34:12|1445859252000|7|0|5,000
55,80133207|37,52799305|62,891998|2015-10-26 14:34:13|1445859253000|9|0|5,000
55,80126601|37,52825926|63,396004|2015-10-26 14:34:14|1445859254000|7|0|5,000
55,80120392|37,52849459|60,444004|2015-10-26 14:34:15|1445859255000|8|0|6,000
55,80114154|37,52872777|62,028000|2015-10-26 14:34:16|1445859256000|8|0|6,000
55,80106506|37,52897734|60,227997|2015-10-26 14:34:17|1445859257000|10|0|6,000
55,80100401|37,52922386|60,264000|2015-10-26 14:34:18|1445859258000|8|0|6,000
55,80093560|37,52948100|60,515999|2015-10-26 14:34:19|1445859259000|8|0|6,000
55,80088403|37,52971567|59,723999|2015-10-26 14:34:20|1445859260000|10|0|6,000
55,80080627|37,52994267|59,184002|2015-10-26 14:34:21|1445859261000|9|0|6,000
55,80073524|37,53016544|58,932003|2015-10-26 14:34:22|1445859262000|10|0|6,000
55,80067269|37,53037703|60,372002|2015-10-26 14:34:23|1445859263000|9|0|5,000
55,80059228|37,53060824|61,200001|2015-10-26 14:34:24|1445859264000|12|0|5,000
55,80051616|37,53087985|63,972000|2015-10-26 14:34:25|1445859265000|8|0|5,000
55,80042313|37,53110597|64,332001|2015-10-26 14:34:26|1445859266000|9|0|5,000
55,80032271|37,53135166|67,428001|2015-10-26 14:34:27|1445859267000|9|0|5,000
55,80022299|37,53160995|69,300003|2015-10-26 14:34:28|1445859268000|8|0|4,000
55,80011790|37,53185383|69,300003|2015-10-26 14:34:29|1445859269000|8|0|5,000
55,80000025|37,53212741|70,776001|2015-10-26 14:34:30|1445859270000|7|0|5,000
55,79989502|37,53237927|70,776001|2015-10-26 14:34:31|1445859271000|7|0|8,000
55,79981654|37,53263501|66,096001|2015-10-26 14:34:32|1445859272000|9|0|8,000
55,79972752|37,53283939|64,008003|2015-10-26 14:34:33|1445859273000|10|0|7,000
55,79965267|37,53302889|59,327999|2015-10-26 14:34:34|1445859274000|11|0|5,000
55,79957229|37,53323159|54,035999|2015-10-26 14:34:35|1445859275000|10|0|4,000
55,79948660|37,53340611|49,355999|2015-10-26 14:34:36|1445859276000|10|0|4,000
55,79940975|37,53356709|47,016003|2015-10-26 14:34:37|1445859277000|10|0|4,000
55,79933273|37,53371397|45,576000|2015-10-26 14:34:38|1445859278000|11|0|4,000
55,79926299|37,53384914|40,860001|2015-10-26 14:34:39|1445859279000|12|0|4,000
55,79920982|37,53399177|39,312000|2015-10-26 14:34:40|1445859280000|12|0|3,000
55,79915517|37,53412781|38,736000|2015-10-26 14:34:41|1445859281000|12|0|3,000
55,79910323|37,53426458|38,268002|2015-10-26 14:34:42|1445859282000|11|0|4,000
55,79903684|37,53438444|38,663998|2015-10-26 14:34:43|1445859283000|11|0|4,000
55,79898713|37,53452996|39,419998|2015-10-26 14:34:44|1445859284000|11|0|3,000
55,79893011|37,53468310|41,616001|2015-10-26 14:34:45|1445859285000|11|0|3,000
55,79886625|37,53484327|45,216003|2015-10-26 14:34:46|1445859286000|11|0|3,000
55,79879577|37,53500842|47,088001|2015-10-26 14:34:47|1445859287000|12|0|3,000
55,79871650|37,53517280|48,060001|2015-10-26 14:34:48|1445859288000|12|0|3,000
55,79864441|37,53533758|48,708000|2015-10-26 14:34:49|1445859289000|12|0|3,000
55,79855903|37,53549059|48,599998|2015-10-26 14:34:50|1445859290000|13|0|3,000
55,79848485|37,53564253|47,448002|2015-10-26 14:34:51|1445859291000|13|0|4,000
55,79841200|37,53578836|45,756001|2015-10-26 14:34:52|1445859292000|12|0|3,000
55,79834578|37,53592244|40,572002|2015-10-26 14:34:53|1445859293000|12|0|3,000
55,79828347|37,53605363|38,736000|2015-10-26 14:34:54|1445859294000|12|0|4,000
55,79821831|37,53616480|37,043999|2015-10-26 14:34:55|1445859295000|12|0|5,000
55,79815542|37,53631393|39,132000|2015-10-26 14:34:56|1445859296000|14|0|5,000
55,79808408|37,53645425|42,983997|2015-10-26 14:34:57|1445859297000|14|0|5,000
55,79802080|37,53661366|45,468002|2015-10-26 14:34:58|1445859298000|14|0|4,000
55,79794961|37,53677071|46,403999|2015-10-26 14:34:59|1445859299000|13|0|4,000
55,79787956|37,53693708|46,799999|2015-10-26 14:35:00|1445859300000|13|0|4,000
55,79781174|37,53710054|45,827999|2015-10-26 14:35:01|1445859301000|14|0|4,000
55,79773620|37,53726974|46,332001|2015-10-26 14:35:02|1445859302000|14|0|5,000
55,79766449|37,53742758|46,080002|2015-10-26 14:35:03|1445859303000|14|0|6,000
55,79760506|37,53757811|43,560001|2015-10-26 14:35:04|1445859304000|14|0|5,000
55,79752838|37,53775157|47,592003|2015-10-26 14:35:05|1445859305000|14|0|7,000
55,79743084|37,53788131|45,576000|2015-10-26 14:35:06|1445859306000|13|0|7,000
55,79735201|37,53804863|47,375999|2015-10-26 14:35:07|1445859307000|13|0|7,000
55,79727965|37,53818929|44,820000|2015-10-26 14:35:08|1445859308000|13|0|7,000
55,79718989|37,53843506|36,431999|2015-10-26 14:35:10|1445859310000|13|0|6,000
55,79713428|37,53856712|35,279999|2015-10-26 14:35:11|1445859311000|13|0|5,000
55,79704159|37,53879473|32,220001|2015-10-26 14:35:13|1445859313000|12|0|5,000
55,79694725|37,53903387|33,624001|2015-10-26 14:35:15|1445859315000|12|0|5,000
55,79686208|37,53925439|32,975998|2015-10-26 14:35:17|1445859317000|12|0|6,000
55,79672306|37,53945558|35,712002|2015-10-26 14:35:19|1445859319000|12|0|8,000
55,79669219|37,53968491|29,232000|2015-10-26 14:35:21|1445859321000|12|0|7,000
55,79656399|37,53994447|36,863998|2015-10-26 14:35:23|1445859323000|13|0|6,000
55,79649710|37,54009810|37,980000|2015-10-26 14:35:24|1445859324000|13|0|6,000
55,79643407|37,54021445|35,604000|2015-10-26 14:35:25|1445859325000|13|0|5,000
55,79632165|37,54046245|33,660000|2015-10-26 14:35:27|1445859327000|13|0|5,000
55,79621266|37,54065799|33,444000|2015-10-26 14:35:29|1445859329000|13|0|4,000
55,79610083|37,54089347|34,883999|2015-10-26 14:35:31|1445859331000|12|0|4,000
55,79604395|37,54101827|35,208000|2015-10-26 14:35:32|1445859332000|12|0|4,000
55,79593318|37,54124527|33,911999|2015-10-26 14:35:34|1445859334000|13|0|5,000
55,79583572|37,54146590|33,119999|2015-10-26 14:35:36|1445859336000|13|0|6,000
55,79574689|37,54172271|34,452000|2015-10-26 14:35:38|1445859338000|13|0|4,000
55,79568669|37,54184260|34,307999|2015-10-26 14:35:39|1445859339000|13|0|4,000
55,79558850|37,54207248|33,695999|2015-10-26 14:35:41|1445859341000|10|0|4,000
55,79548727|37,54229764|32,903999|2015-10-26 14:35:43|1445859343000|9|0|4,000
55,79538787|37,54251471|33,804001|2015-10-26 14:35:45|1445859345000|12|0|3,000
55,79529161|37,54278105|36,683998|2015-10-26 14:35:47|1445859347000|10|0|3,000
55,79523569|37,54290971|36,683998|2015-10-26 14:35:48|1445859348000|10|0|4,000
55,79516412|37,54305378|44,639999|2015-10-26 14:35:49|1445859349000|11|0|4,000
55,79509814|37,54323338|46,619999|2015-10-26 14:35:50|1445859350000|10|0|4,000
55,79502013|37,54339349|47,231998|2015-10-26 14:35:51|1445859351000|10|0|4,000
55,79493176|37,54362678|52,020000|2015-10-26 14:35:52|1445859352000|8|0|4,000
55,79484051|37,54381653|55,512001|2015-10-26 14:35:53|1445859353000|10|0|4,000
55,79475871|37,54399206|57,744003|2015-10-26 14:35:54|1445859354000|10|0|4,000
55,79466124|37,54418917|58,355995|2015-10-26 14:35:55|1445859355000|11|0|4,000
55,79456735|37,54438687|58,355995|2015-10-26 14:35:56|1445859356000|11|0|5,000
55,79449565|37,54458391|59,076000|2015-10-26 14:35:57|1445859357000|13|0|3,000
55,79440771|37,54478629|56,268002|2015-10-26 14:35:58|1445859358000|9|0|4,000
55,79431910|37,54497515|55,152000|2015-10-26 14:35:59|1445859359000|13|0|4,000
55,79422485|37,54516584|54,468002|2015-10-26 14:36:00|1445859360000|11|0|4,000
55,79413878|37,54534814|54,287998|2015-10-26 14:36:01|1445859361000|11|0|4,000
55,79405823|37,54552542|54,216003|2015-10-26 14:36:02|1445859362000|11|0|5,000
55,79398174|37,54570755|52,919998|2015-10-26 14:36:03|1445859363000|11|0|6,000
55,79388239|37,54589016|54,287998|2015-10-26 14:36:04|1445859364000|13|0|8,000
55,79379438|37,54614371|59,255997|2015-10-26 14:36:05|1445859365000|12|0|9,000
55,79371074|37,54637789|61,200001|2015-10-26 14:36:06|1445859366000|7|0|11,000
55,79362238|37,54659898|61,200001|2015-10-26 14:36:07|1445859367000|7|0|13,000
55,79353438|37,54676490|56,483997|2015-10-26 14:36:08|1445859368000|0|0|11,000
55,79345944|37,54699474|56,088001|2015-10-26 14:36:09|1445859369000|4|0|10,000
55,79337610|37,54717679|52,056000|2015-10-26 14:36:10|1445859370000|5|0|9,000
55,79329014|37,54731278|51,480000|2015-10-26 14:36:11|1445859371000|5|0|8,000
55,79321454|37,54751779|50,688000|2015-10-26 14:36:12|1445859372000|6|0|8,000
55,79313448|37,54773998|51,588001|2015-10-26 14:36:13|1445859373000|7|0|8,000
55,79305463|37,54790053|49,968002|2015-10-26 14:36:14|1445859374000|8|0|8,000
55,79298080|37,54805180|48,743999|2015-10-26 14:36:15|1445859375000|10|0|7,000
55,79289879|37,54821656|49,392002|2015-10-26 14:36:16|1445859376000|10|0|6,000
55,79281127|37,54839371|51,264000|2015-10-26 14:36:17|1445859377000|11|0|6,000
55,79273594|37,54858014|54,144001|2015-10-26 14:36:18|1445859378000|12|0|5,000
55,79264867|37,54877526|55,116001|2015-10-26 14:36:19|1445859379000|13|0|5,000
55,79256507|37,54896524|57,563999|2015-10-26 14:36:20|1445859380000|12|0|4,000
55,79249486|37,54917843|56,880001|2015-10-26 14:36:21|1445859381000|12|0|5,000
55,79239476|37,54939805|58,212002|2015-10-26 14:36:22|1445859382000|13|0|4,000
55,79231817|37,54958348|57,636002|2015-10-26 14:36:23|1445859383000|14|0|4,000
55,79221777|37,54977399|57,672001|2015-10-26 14:36:24|1445859384000|14|0|4,000
55,79212747|37,54997118|58,320004|2015-10-26 14:36:25|1445859385000|14|0|4,000
55,79203159|37,55020909|59,939999|2015-10-26 14:36:26|1445859386000|14|0|3,000
55,79192827|37,55042552|62,603996|2015-10-26 14:36:27|1445859387000|14|0|3,000
55,79183133|37,55063871|64,260002|2015-10-26 14:36:28|1445859388000|14|0|3,000
55,79173146|37,55085647|64,403999|2015-10-26 14:36:29|1445859389000|14|0|3,000
55,79163142|37,55107949|64,223999|2015-10-26 14:36:30|1445859390000|14|0|3,000
55,79153792|37,55131906|64,367996|2015-10-26 14:36:31|1445859391000|14|0|3,000
55,79143806|37,55154087|63,432003|2015-10-26 14:36:32|1445859392000|14|0|3,000
55,79134056|37,55175949|62,244003|2015-10-26 14:36:33|1445859393000|14|0|3,000
55,79124528|37,55197536|61,236000|2015-10-26 14:36:34|1445859394000|13|0|4,000
55,79115213|37,55218183|59,363998|2015-10-26 14:36:35|1445859395000|13|0|4,000
55,79107475|37,55238605|55,907997|2015-10-26 14:36:36|1445859396000|14|0|5,000
55,79100837|37,55257812|52,416000|2015-10-26 14:36:37|1445859397000|14|0|6,000
55,79092405|37,55271724|45,396000|2015-10-26 14:36:38|1445859398000|13|0|5,000
55,79085559|37,55285670|40,931999|2015-10-26 14:36:39|1445859399000|13|0|5,000
55,79080645|37,55299363|38,088001|2015-10-26 14:36:40|1445859400000|13|0|5,000
55,79070083|37,55323150|34,307999|2015-10-26 14:36:42|1445859402000|14|0|6,000
55,79057710|37,55345341|32,868000|2015-10-26 14:36:44|1445859404000|13|0|6,000
55,79047996|37,55364309|27,180000|2015-10-26 14:36:46|1445859406000|13|0|5,000
55,79040854|37,55380672|23,940001|2015-10-26 14:36:48|1445859408000|10|0|5,000
55,79034416|37,55394332|21,348000|2015-10-26 14:36:50|1445859410000|10|0|7,000
55,79024299|37,55406147|25,271999|2015-10-26 14:36:52|1445859412000|9|0|7,000
55,79018222|37,55426546|27,684000|2015-10-26 14:36:54|1445859414000|11|0|7,000
55,79008043|37,55441634|26,316000|2015-10-26 14:36:56|1445859416000|8|0|6,000
55,79004846|37,55462451|23,796001|2015-10-26 14:36:58|1445859418000|10|0|7,000
55,78998250|37,55481310|24,660000|2015-10-26 14:37:00|1445859420000|10|0|7,000
55,78992178|37,55500022|25,812000|2015-10-26 14:37:02|1445859422000|12|0|6,000
55,78980900|37,55522074|31,500000|2015-10-26 14:37:04|1445859424000|12|0|5,000
55,78974942|37,55534410|35,243999|2015-10-26 14:37:05|1445859425000|12|0|4,000
55,78968767|37,55547446|38,448002|2015-10-26 14:37:06|1445859426000|12|0|4,000
55,78962248|37,55560686|40,968002|2015-10-26 14:37:07|1445859427000|12|0|4,000
55,78954489|37,55575755|44,208000|2015-10-26 14:37:08|1445859428000|13|0|4,000
55,78947013|37,55592471|47,088001|2015-10-26 14:37:09|1445859429000|12|0|4,000
55,78939452|37,55609904|49,824001|2015-10-26 14:37:10|1445859430000|12|0|4,000
55,78931704|37,55628087|52,452000|2015-10-26 14:37:11|1445859431000|13|0|4,000
55,78922611|37,55646998|53,351997|2015-10-26 14:37:12|1445859432000|13|0|4,000
55,78913891|37,55666372|54,792000|2015-10-26 14:37:13|1445859433000|14|0|3,000
55,78904009|37,55684355|55,872002|2015-10-26 14:37:14|1445859434000|14|0|4,000
55,78894649|37,55704465|57,851997|2015-10-26 14:37:15|1445859435000|14|0|4,000
55,78885053|37,55723888|58,032001|2015-10-26 14:37:16|1445859436000|14|0|4,000
55,78875973|37,55743272|56,916000|2015-10-26 14:37:17|1445859437000|14|0|4,000
55,78866706|37,55761940|56,088001|2015-10-26 14:37:18|1445859438000|14|0|4,000
55,78857398|37,55782077|56,483997|2015-10-26 14:37:19|1445859439000|14|0|3,000
55,78848762|37,55801110|55,619999|2015-10-26 14:37:20|1445859440000|14|0|4,000
55,78839936|37,55819811|54,107998|2015-10-26 14:37:21|1445859441000|14|0|4,000
55,78831380|37,55837895|52,416000|2015-10-26 14:37:22|1445859442000|14|0|4,000
55,78823691|37,55855767|50,760002|2015-10-26 14:37:23|1445859443000|14|0|4,000
55,78816017|37,55873112|49,896000|2015-10-26 14:37:24|1445859444000|14|0|4,000
55,78807688|37,55890157|50,760002|2015-10-26 14:37:25|1445859445000|14|0|4,000
55,78799811|37,55907890|50,688000|2015-10-26 14:37:26|1445859446000|14|0|4,000
55,78791765|37,55925071|49,716003|2015-10-26 14:37:27|1445859447000|12|0|4,000
55,78784432|37,55942031|48,924000|2015-10-26 14:37:28|1445859448000|13|0|4,000
55,78777425|37,55958092|47,340000|2015-10-26 14:37:29|1445859449000|13|0|4,000
55,78771021|37,55975841|45,396000|2015-10-26 14:37:30|1445859450000|13|0|3,000
55,78764873|37,55993291|45,035999|2015-10-26 14:37:31|1445859451000|10|0|3,000
55,78758283|37,56008002|43,524002|2015-10-26 14:37:32|1445859452000|11|0|3,000
55,78751575|37,56024596|45,000000|2015-10-26 14:37:33|1445859453000|12|0|3,000
55,78744529|37,56039820|43,992001|2015-10-26 14:37:34|1445859454000|12|0|3,000
55,78738246|37,56054070|41,148003|2015-10-26 14:37:35|1445859455000|12|0|3,000
55,78731916|37,56067376|37,368000|2015-10-26 14:37:36|1445859456000|9|0|3,000
55,78726100|37,56079879|37,619999|2015-10-26 14:37:37|1445859457000|11|0|4,000
55,78720096|37,56093912|38,556000|2015-10-26 14:37:38|1445859458000|11|0|4,000
55,78712512|37,56110675|42,372002|2015-10-26 14:37:39|1445859459000|12|0|4,000
55,78707109|37,56127475|43,344002|2015-10-26 14:37:40|1445859460000|13|0|4,000
55,78699886|37,56141983|42,588001|2015-10-26 14:37:41|1445859461000|12|0|4,000
55,78693317|37,56155600|41,868000|2015-10-26 14:37:42|1445859462000|11|0|4,000
55,78686584|37,56171642|41,148003|2015-10-26 14:37:43|1445859463000|12|0|4,000
55,78680347|37,56186121|41,148003|2015-10-26 14:37:44|1445859464000|12|0|4,000
55,78668398|37,56209357|34,632000|2015-10-26 14:37:46|1445859466000|9|0|4,000
55,78658812|37,56232476|30,636002|2015-10-26 14:37:48|1445859468000|7|0|4,000
55,78649893|37,56247340|23,868000|2015-10-26 14:37:50|1445859470000|10|0|5,000
55,78644722|37,56262330|18,612000|2015-10-26 14:37:52|1445859472000|11|0|5,000
55,78637587|37,56272074|11,952000|2015-10-26 14:37:55|1445859475000|10|0|6,000
55,78631557|37,56283976|15,119999|2015-10-26 14:37:58|1445859478000|10|0|7,000
55,78621264|37,56300473|18,108002|2015-10-26 14:38:01|1445859481000|10|0|9,000
55,78618030|37,56316841|14,400000|2015-10-26 14:38:03|1445859483000|11|0|7,000
55,78611384|37,56329446|13,823999|2015-10-26 14:38:06|1445859486000|13|0|7,000
55,78605141|37,56349908|10,116000|2015-10-26 14:38:10|1445859490000|11|0|6,000
55,78596165|37,56358020|6,408000|2015-10-26 14:38:20|1445859500000|10|0|6,000
55,78588251|37,56374364|15,840000|2015-10-26 14:38:24|1445859504000|11|0|9,000
55,78584967|37,56389604|8,136000|2015-10-26 14:38:28|1445859508000|12|0|7,000
55,78578125|37,56402135|4,680000|2015-10-26 14:38:35|1445859515000|9|0|5,000
55,78570607|37,56414931|4,320000|2015-10-26 14:38:42|1445859522000|9|0|4,000
55,78564294|37,56428047|5,004000|2015-10-26 14:38:55|1445859535000|7|0|4,000
55,78556050|37,56440346|8,532000|2015-10-26 14:39:00|1445859540000|8|0|3,000
55,78547436|37,56445523|2,160000|2015-10-26 14:39:06|1445859546000|10|0|4,000
55,78538323|37,56449585|5,148000|2015-10-26 14:39:34|1445859574000|9|0|4,000
55,78529957|37,56455923|3,780000|2015-10-26 14:39:44|1445859584000|10|0|5,000
55,78520616|37,56459634|5,004000|2015-10-26 14:40:02|1445859602000|8|0|5,000
55,78511802|37,56454243|5,616000|2015-10-26 14:40:07|1445859607000|12|0|4,000
55,78503488|37,56440274|5,652000|2015-10-26 14:40:13|1445859613000|14|0|4,000
55,78494901|37,56429872|6,228000|2015-10-26 14:40:32|1445859632000|11|0|4,000
55,78486868|37,56419522|6,012000|2015-10-26 14:40:38|1445859638000|9|0|4,000
55,78477818|37,56413033|6,588000|2015-10-26 14:40:44|1445859644000|8|0|4,000
55,78469657|37,56402157|5,616000|2015-10-26 14:40:49|1445859649000|12|0|4,000
55,78461743|37,56394248|7,812000|2015-10-26 14:40:54|1445859654000|7|0|5,000
55,78453883|37,56382134|5,976000|2015-10-26 14:41:01|1445859661000|7|0|8,000
55,78447157|37,56371359|2,160000|2015-10-26 14:41:08|1445859668000|12|0|5,000
55,78443111|37,56353013|10,692000|2015-10-26 14:41:14|1445859674000|11|0|5,000
55,78435235|37,56338648|13,428000|2015-10-26 14:41:17|1445859677000|11|0|5,000
55,78426726|37,56332387|11,808000|2015-10-26 14:41:20|1445859680000|12|0|6,000
55,78418189|37,56324239|14,544000|2015-10-26 14:41:23|1445859683000|12|0|10,000
55,78414102|37,56303368|14,292000|2015-10-26 14:41:26|1445859686000|12|0|9,000
55,78406314|37,56291474|12,995999|2015-10-26 14:41:29|1445859689000|12|0|10,000
55,78395898|37,56283444|11,231999|2015-10-26 14:41:32|1445859692000|12|0|9,000
55,78387422|37,56277885|7,596000|2015-10-26 14:41:36|1445859696000|12|0|10,000
55,78380098|37,56263777|5,724000|2015-10-26 14:41:42|1445859702000|12|0|9,000
55,78370449|37,56260480|6,192000|2015-10-26 14:41:48|1445859708000|12|0|6,000
55,78362471|37,56251424|6,480000|2015-10-26 14:41:53|1445859713000|12|0|5,000
55,78354616|37,56238945|7,992000|2015-10-26 14:41:58|1445859718000|12|0|10,000
55,78346598|37,56228353|6,696000|2015-10-26 14:42:04|1445859724000|12|0|10,000
55,78338896|37,56220032|7,416000|2015-10-26 14:42:09|1445859729000|12|0|10,000
55,78330106|37,56211306|7,272000|2015-10-26 14:42:14|1445859734000|12|0|10,000
55,78320845|37,56200510|10,944000|2015-10-26 14:42:18|1445859738000|12|0|10,000
55,78313211|37,56188542|9,288000|2015-10-26 14:42:24|1445859744000|12|0|10,000
55,78304982|37,56181767|10,728000|2015-10-26 14:42:27|1445859747000|11|0|10,000
55,78297325|37,56169458|15,587999|2015-10-26 14:42:30|1445859750000|11|0|11,000
55,78287176|37,56157214|15,660000|2015-10-26 14:42:33|1445859753000|11|0|11,000
55,78278519|37,56146020|5,904000|2015-10-26 14:42:42|1445859762000|12|0|10,000
55,78270896|37,56133244|10,800000|2015-10-26 14:42:46|1445859766000|11|0|10,000
55,78261438|37,56122154|13,896000|2015-10-26 14:42:49|1445859769000|13|0|10,000
55,78251330|37,56108544|18,936001|2015-10-26 14:42:52|1445859772000|13|0|10,000
55,78242628|37,56097265|22,175999|2015-10-26 14:42:54|1445859774000|12|0|9,000
55,78232909|37,56085680|24,624001|2015-10-26 14:42:56|1445859776000|13|0|9,000
55,78221932|37,56073423|25,380001|2015-10-26 14:42:58|1445859778000|13|0|9,000
55,78210612|37,56058767|26,820000|2015-10-26 14:43:00|1445859780000|13|0|9,000
55,78200334|37,56045420|26,243999|2015-10-26 14:43:02|1445859782000|13|0|10,000
55,78190226|37,56031645|24,768000|2015-10-26 14:43:04|1445859784000|12|0|10,000
55,78178774|37,56016735|28,296001|2015-10-26 14:43:06|1445859786000|12|0|10,000
55,78165797|37,55998447|33,624001|2015-10-26 14:43:08|1445859788000|12|0|10,000
55,78153101|37,55981024|32,292000|2015-10-26 14:43:10|1445859790000|12|0|10,000
55,78140352|37,55964412|28,584000|2015-10-26 14:43:12|1445859792000|13|0|10,000
55,78129927|37,55952259|21,672001|2015-10-26 14:43:14|1445859794000|13|0|4,000
55,78121287|37,55941862|18,900000|2015-10-26 14:43:16|1445859796000|13|0|4,000
55,78113667|37,55932197|18,072001|2015-10-26 14:43:18|1445859798000|13|0|4,000
55,78103079|37,55919648|14,544000|2015-10-26 14:43:21|1445859801000|12|0|4,000
55,78094941|37,55908381|14,796000|2015-10-26 14:43:24|1445859804000|12|0|5,000
55,78086467|37,55892822|14,040000|2015-10-26 14:43:28|1445859808000|12|0|5,000
55,78078812|37,55882340|20,591999|2015-10-26 14:43:30|1445859810000|12|0|6,000
55,78068915|37,55870936|22,716000|2015-10-26 14:43:32|1445859812000|12|0|6,000
55,78059314|37,55858421|23,184000|2015-10-26 14:43:34|1445859814000|12|0|6,000
55,78049166|37,55846513|21,059999|2015-10-26 14:43:36|1445859816000|12|0|6,000
55,78041028|37,55837296|18,756001|2015-10-26 14:43:38|1445859818000|12|0|5,000
55,78032193|37,55825044|15,372000|2015-10-26 14:43:41|1445859821000|12|0|5,000
55,78022238|37,55815151|10,980000|2015-10-26 14:43:45|1445859825000|13|0|5,000
55,78014068|37,55807791|11,231999|2015-10-26 14:43:48|1445859828000|13|0|4,000
55,78006668|37,55797526|13,500000|2015-10-26 14:43:51|1445859831000|13|0|4,000
55,77997199|37,55787869|14,688000|2015-10-26 14:43:54|1445859834000|13|0|4,000
55,77987286|37,55777337|16,452000|2015-10-26 14:43:57|1445859837000|13|0|3,000
55,77977552|37,55768442|12,924000|2015-10-26 14:44:00|1445859840000|13|0|3,000
55,77967994|37,55761016|8,208000|2015-10-26 14:44:05|1445859845000|13|0|3,000
55,77956700|37,55752880|21,312000|2015-10-26 14:44:08|1445859848000|12|0|3,000
55,77944112|37,55742273|30,816002|2015-10-26 14:44:10|1445859850000|12|0|4,000
55,77929343|37,55730945|31,427998|2015-10-26 14:44:12|1445859852000|12|0|3,000
55,77917675|37,55720442|26,028000|2015-10-26 14:44:14|1445859854000|12|0|4,000
55,77905788|37,55710984|24,084000|2015-10-26 14:44:16|1445859856000|12|0|4,000
55,77892270|37,55700613|30,816002|2015-10-26 14:44:18|1445859858000|12|0|4,000
55,77877109|37,55689072|32,795998|2015-10-26 14:44:20|1445859860000|12|0|10,000
55,77868002|37,55685585|34,632000|2015-10-26 14:44:21|1445859861000|13|0|9,000
55,77858809|37,55681448|36,431999|2015-10-26 14:44:22|1445859862000|13|0|9,000
55,77850248|37,55675310|38,124001|2015-10-26 14:44:23|1445859863000|13|0|9,000
55,77840887|37,55667753|41,292000|2015-10-26 14:44:24|1445859864000|13|0|9,000
55,77831113|37,55661745|41,004002|2015-10-26 14:44:25|1445859865000|13|0|9,000
55,77822095|37,55654965|40,931999|2015-10-26 14:44:26|1445859866000|13|0|9,000
55,77812592|37,55648025|39,743999|2015-10-26 14:44:27|1445859867000|13|0|9,000
55,77803590|37,55640773|38,663998|2015-10-26 14:44:28|1445859868000|12|0|9,000
55,77786653|37,55626577|36,035999|2015-10-26 14:44:30|1445859870000|12|0|9,000
55,77770844|37,55614285|34,272003|2015-10-26 14:44:32|1445859872000|12|0|9,000
55,77754611|37,55601657|33,768002|2015-10-26 14:44:34|1445859874000|12|0|9,000
55,77739313|37,55589269|35,855999|2015-10-26 14:44:36|1445859876000|11|0|9,000
55,77721754|37,55575662|39,743999|2015-10-26 14:44:38|1445859878000|12|0|10,000
55,77712215|37,55568487|41,868000|2015-10-26 14:44:39|1445859879000|13|0|9,000
55,77701361|37,55561541|43,919998|2015-10-26 14:44:40|1445859880000|13|0|10,000
55,77690501|37,55555108|46,548000|2015-10-26 14:44:41|1445859881000|13|0|9,000
55,77679611|37,55546115|47,844002|2015-10-26 14:44:42|1445859882000|13|0|9,000
55,77668072|37,55537437|48,924000|2015-10-26 14:44:43|1445859883000|13|0|9,000
55,77657924|37,55528290|48,167999|2015-10-26 14:44:44|1445859884000|13|0|10,000
55,77646377|37,55520169|47,051998|2015-10-26 14:44:45|1445859885000|13|0|10,000
55,77636514|37,55512634|45,792000|2015-10-26 14:44:46|1445859886000|13|0|10,000
55,77625803|37,55503483|47,051998|2015-10-26 14:44:47|1445859887000|13|0|10,000
55,77614323|37,55493811|49,716003|2015-10-26 14:44:48|1445859888000|13|0|10,000
55,77603234|37,55483968|51,192001|2015-10-26 14:44:49|1445859889000|13|0|10,000
55,77592447|37,55472935|51,911999|2015-10-26 14:44:50|1445859890000|13|0|10,000
55,77580985|37,55462509|53,243999|2015-10-26 14:44:51|1445859891000|13|0|11,000
55,77568332|37,55452694|54,900002|2015-10-26 14:44:52|1445859892000|13|0|12,000
55,77553414|37,55435154|61,415997|2015-10-26 14:44:53|1445859893000|13|0|11,000
55,77538475|37,55417542|63,360001|2015-10-26 14:44:54|1445859894000|13|0|12,000
55,77523512|37,55402127|64,835999|2015-10-26 14:44:55|1445859895000|13|0|12,000
55,77512715|37,55383993|60,803997|2015-10-26 14:44:56|1445859896000|13|0|11,000
55,77500795|37,55368463|61,739998|2015-10-26 14:44:57|1445859897000|13|0|6,000
55,77488386|37,55350309|62,927998|2015-10-26 14:44:58|1445859898000|12|0|6,000
55,77477149|37,55329146|65,160004|2015-10-26 14:44:59|1445859899000|13|0|6,000
55,77465750|37,55307489|64,223999|2015-10-26 14:45:00|1445859900000|13|0|5,000
55,77455805|37,55282631|67,463997|2015-10-26 14:45:01|1445859901000|13|0|5,000
55,77445695|37,55255702|70,524002|2015-10-26 14:45:02|1445859902000|13|0|4,000
55,77437360|37,55228523|71,424004|2015-10-26 14:45:03|1445859903000|13|0|4,000
55,77429433|37,55200809|71,063995|2015-10-26 14:45:04|1445859904000|13|0|4,000
55,77422831|37,55171712|70,164001|2015-10-26 14:45:05|1445859905000|13|0|5,000
55,77417558|37,55141666|70,703995|2015-10-26 14:45:06|1445859906000|13|0|4,000
55,77412668|37,55110979|72,323997|2015-10-26 14:45:07|1445859907000|13|0|4,000
55,77409753|37,55079948|73,655998|2015-10-26 14:45:08|1445859908000|13|0|5,000
55,77407179|37,55050505|72,684006|2015-10-26 14:45:09|1445859909000|13|0|6,000
55,77403474|37,55020629|71,315994|2015-10-26 14:45:10|1445859910000|13|0|7,000
55,77400166|37,54991129|70,524002|2015-10-26 14:45:11|1445859911000|13|0|5,000
55,77397796|37,54958185|70,632004|2015-10-26 14:45:12|1445859912000|13|0|5,000
55,77395007|37,54927267|71,820000|2015-10-26 14:45:13|1445859913000|13|0|5,000
55,77391344|37,54897471|72,720001|2015-10-26 14:45:14|1445859914000|13|0|5,000
55,77387231|37,54864521|73,152000|2015-10-26 14:45:15|1445859915000|13|0|4,000
55,77383510|37,54832193|74,124001|2015-10-26 14:45:16|1445859916000|12|0|4,000
55,77379608|37,54799647|74,987999|2015-10-26 14:45:17|1445859917000|13|0|4,000
55,77375187|37,54767756|74,699997|2015-10-26 14:45:18|1445859918000|13|0|4,000
55,77369359|37,54735669|75,420006|2015-10-26 14:45:19|1445859919000|13|0|5,000
55,77361527|37,54705446|74,807999|2015-10-26 14:45:20|1445859920000|13|0|4,000
55,77353261|37,54676841|73,223999|2015-10-26 14:45:21|1445859921000|13|0|4,000
55,77344862|37,54650106|71,603996|2015-10-26 14:45:22|1445859922000|13|0|4,000
55,77336278|37,54623250|69,227997|2015-10-26 14:45:23|1445859923000|13|0|4,000
55,77327454|37,54598916|67,571999|2015-10-26 14:45:24|1445859924000|13|0|5,000
55,77317228|37,54574567|66,491997|2015-10-26 14:45:25|1445859925000|13|0|5,000
55,77306372|37,54550665|65,520004|2015-10-26 14:45:26|1445859926000|13|0|5,000
55,77296472|37,54528175|60,227997|2015-10-26 14:45:27|1445859927000|13|0|5,000
55,77286212|37,54510934|57,204002|2015-10-26 14:45:28|1445859928000|13|0|4,000
55,77276150|37,54495121|54,648003|2015-10-26 14:45:29|1445859929000|13|0|3,000
55,77265961|37,54481038|52,056000|2015-10-26 14:45:30|1445859930000|13|0|3,000
55,77256006|37,54467009|49,751999|2015-10-26 14:45:31|1445859931000|13|0|3,000
55,77246657|37,54456710|45,756001|2015-10-26 14:45:32|1445859932000|12|0|3,000
55,77238912|37,54447290|40,500000|2015-10-26 14:45:33|1445859933000|12|0|3,000
55,77223426|37,54431639|34,776001|2015-10-26 14:45:35|1445859935000|13|0|3,000
55,77209933|37,54418501|32,580002|2015-10-26 14:45:37|1445859937000|12|0|3,000
55,77196749|37,54406000|30,420000|2015-10-26 14:45:39|1445859939000|8|0|3,000
55,77185084|37,54395294|29,807999|2015-10-26 14:45:41|1445859941000|12|0|3,000
55,77171670|37,54380279|29,736000|2015-10-26 14:45:43|1445859943000|11|0|4,000
55,77156883|37,54365357|36,468002|2015-10-26 14:45:45|1445859945000|12|0|4,000
55,77148738|37,54355540|42,588001|2015-10-26 14:45:46|1445859946000|9|0|4,000
55,77139213|37,54346942|43,704002|2015-10-26 14:45:47|1445859947000|9|0|4,000
55,77128623|37,54337187|44,892002|2015-10-26 14:45:48|1445859948000|8|0|5,000
55,77118937|37,54327200|44,892002|2015-10-26 14:45:49|1445859949000|8|0|5,000
55,77109649|37,54317346|43,200001|2015-10-26 14:45:50|1445859950000|11|0|5,000
55,77098390|37,54307878|48,924000|2015-10-26 14:45:51|1445859951000|9|0|5,000
55,77087526|37,54296522|50,975998|2015-10-26 14:45:52|1445859952000|9|0|5,000
55,77076603|37,54284944|50,975998|2015-10-26 14:45:53|1445859953000|9|0|6,000
55,77065021|37,54268278|55,403999|2015-10-26 14:45:54|1445859954000|10|0|5,000
55,77052477|37,54254696|57,024002|2015-10-26 14:45:55|1445859955000|11|0|5,000
55,77040581|37,54242283|58,896004|2015-10-26 14:45:56|1445859956000|12|0|4,000
55,77027815|37,54227028|61,524002|2015-10-26 14:45:57|1445859957000|12|0|4,000
55,77015352|37,54211112|61,524002|2015-10-26 14:45:58|1445859958000|12|0|5,000
55,77003523|37,54192425|60,660000|2015-10-26 14:45:59|1445859959000|10|0|5,000
55,76991696|37,54172077|62,855995|2015-10-26 14:46:00|1445859960000|10|0|4,000
55,76980659|37,54152302|62,855995|2015-10-26 14:46:01|1445859961000|10|0|5,000
55,76970344|37,54130640|63,324001|2015-10-26 14:46:02|1445859962000|13|0|5,000
55,76959904|37,54109193|63,324001|2015-10-26 14:46:03|1445859963000|10|0|5,000
55,76949720|37,54087551|63,216000|2015-10-26 14:46:04|1445859964000|8|0|5,000
55,76939263|37,54066893|64,908005|2015-10-26 14:46:05|1445859965000|8|0|5,000
55,76928100|37,54048381|62,351997|2015-10-26 14:46:06|1445859966000|11|0|6,000
55,76918588|37,54028882|59,796001|2015-10-26 14:46:07|1445859967000|9|0|6,000
55,76907823|37,54010560|59,796001|2015-10-26 14:46:08|1445859968000|9|0|7,000
55,76897070|37,53993250|58,067997|2015-10-26 14:46:09|1445859969000|9|0|5,000
55,76885563|37,53976867|57,672001|2015-10-26 14:46:10|1445859970000|11|0|5,000
55,76874751|37,53959107|61,055996|2015-10-26 14:46:11|1445859971000|11|0|5,000
55,76862946|37,53942010|61,055996|2015-10-26 14:46:12|1445859972000|11|0|6,000
55,76849490|37,53925171|62,567997|2015-10-26 14:46:13|1445859973000|9|0|5,000
55,76835240|37,53910161|62,532001|2015-10-26 14:46:14|1445859974000|11|0|4,000
55,76821773|37,53893361|62,099998|2015-10-26 14:46:15|1445859975000|8|0|4,000
55,76808848|37,53878204|62,099998|2015-10-26 14:46:16|1445859976000|8|0|5,000
55,76796569|37,53866613|62,820004|2015-10-26 14:46:17|1445859977000|9|0|3,000
55,76783763|37,53851352|61,524002|2015-10-26 14:46:18|1445859978000|10|0|3,000
55,76772243|37,53838392|58,824001|2015-10-26 14:46:19|1445859979000|11|0|4,000
55,76759759|37,53824695|58,824001|2015-10-26 14:46:20|1445859980000|11|0|5,000
55,76746230|37,53810867|60,551998|2015-10-26 14:46:21|1445859981000|9|0|5,000
55,76734583|37,53801951|57,276001|2015-10-26 14:46:22|1445859982000|10|0|5,000
55,76720909|37,53791149|57,888000|2015-10-26 14:46:23|1445859983000|12|0|5,000
55,76707388|37,53788168|59,076000|2015-10-26 14:46:24|1445859984000|12|0|4,000
55,76692507|37,53783144|58,427998|2015-10-26 14:46:25|1445859985000|13|0|4,000
55,76678340|37,53775129|58,355995|2015-10-26 14:46:26|1445859986000|7|0|5,000
55,76664273|37,53766221|57,419998|2015-10-26 14:46:27|1445859987000|10|0|5,000
55,76650269|37,53760803|57,419998|2015-10-26 14:46:28|1445859988000|10|0|5,000
55,76636413|37,53754662|56,952000|2015-10-26 14:46:29|1445859989000|5|0|6,000
55,76622540|37,53749159|56,952000|2015-10-26 14:46:30|1445859990000|5|0|8,000
55,76609806|37,53741998|55,836002|2015-10-26 14:46:31|1445859991000|2|0|11,000
55,76596680|37,53742576|54,251999|2015-10-26 14:46:32|1445859992000|10|0|11,000
55,76578402|37,53733794|61,452000|2015-10-26 14:46:33|1445859993000|12|0|8,000
55,76562221|37,53726931|60,660000|2015-10-26 14:46:34|1445859994000|12|0|6,000
55,76545794|37,53720400|59,760002|2015-10-26 14:46:35|1445859995000|13|0|5,000
55,76532268|37,53711656|61,415997|2015-10-26 14:46:36|1445859996000|13|0|5,000
55,76518841|37,53704840|56,448002|2015-10-26 14:46:37|1445859997000|13|0|4,000
55,76506539|37,53698338|53,279999|2015-10-26 14:46:38|1445859998000|13|0|4,000
55,76494501|37,53690270|52,487999|2015-10-26 14:46:39|1445859999000|13|0|4,000
55,76481185|37,53682856|56,016003|2015-10-26 14:46:40|1445860000000|13|0|4,000
55,76467810|37,53676469|58,896004|2015-10-26 14:46:41|1445860001000|13|0|3,000
55,76452564|37,53668298|60,696003|2015-10-26 14:46:42|1445860002000|13|0|3,000
55,76439149|37,53660668|60,191998|2015-10-26 14:46:43|1445860003000|13|0|3,000
55,76424951|37,53653395|59,327999|2015-10-26 14:46:44|1445860004000|13|0|3,000
55,76410536|37,53646536|58,320004|2015-10-26 14:46:45|1445860005000|13|0|3,000
55,76396832|37,53639238|56,556000|2015-10-26 14:46:46|1445860006000|13|0|3,000
55,76382866|37,53632194|54,863998|2015-10-26 14:46:47|1445860007000|13|0|3,000
55,76369592|37,53625963|51,840000|2015-10-26 14:46:48|1445860008000|13|0|3,000
55,76356202|37,53619952|50,688000|2015-10-26 14:46:49|1445860009000|11|0|3,000
55,76344314|37,53615644|46,368000|2015-10-26 14:46:50|1445860010000|11|0|3,000
55,76334565|37,53611153|37,368000|2015-10-26 14:46:51|1445860011000|12|0|3,000
55,76325431|37,53607790|37,368000|2015-10-26 14:46:52|1445860012000|12|0|4,000
55,76316870|37,53602779|35,063999|2015-10-26 14:46:53|1445860013000|12|0|4,000
55,76298622|37,53597035|34,020000|2015-10-26 14:46:55|1445860015000|10|0|5,000
55,76283207|37,53589661|31,643999|2015-10-26 14:46:57|1445860017000|9|0|5,000
55,76267382|37,53581824|34,848000|2015-10-26 14:46:59|1445860019000|11|0|5,000
55,76258214|37,53576320|38,772003|2015-10-26 14:47:00|1445860020000|9|0|6,000
55,76248412|37,53571489|40,427998|2015-10-26 14:47:01|1445860021000|10|0|5,000
55,76238617|37,53567164|40,427998|2015-10-26 14:47:02|1445860022000|10|0|6,000
55,76227296|37,53562005|39,851997|2015-10-26 14:47:03|1445860023000|10|0|5,000
55,76217581|37,53558828|39,096001|2015-10-26 14:47:04|1445860024000|8|0|5,000
55,76208077|37,53554880|39,096001|2015-10-26 14:47:05|1445860025000|8|0|6,000
55,76198758|37,53552138|38,483997|2015-10-26 14:47:06|1445860026000|11|0|6,000
55,76189173|37,53552351|35,460003|2015-10-26 14:47:07|1445860027000|10|0|6,000
55,76171414|37,53547157|25,524000|2015-10-26 14:47:09|1445860029000|11|0|5,000
55,76159130|37,53542258|23,688000|2015-10-26 14:47:11|1445860031000|10|0|7,000
55,76145969|37,53538576|25,703999|2015-10-26 14:47:13|1445860033000|11|0|8,000
55,76134922|37,53534901|26,424000|2015-10-26 14:47:15|1445860035000|10|0|8,000
55,76121730|37,53527894|27,360001|2015-10-26 14:47:17|1445860037000|9|0|7,000
55,76112498|37,53521409|17,280001|2015-10-26 14:47:19|1445860039000|10|0|7,000
55,76100223|37,53515044|16,775999|2015-10-26 14:47:22|1445860042000|11|0|8,000
55,76086291|37,53512053|22,752001|2015-10-26 14:47:25|1445860045000|9|0|8,000
55,76073736|37,53510057|25,452000|2015-10-26 14:47:27|1445860047000|7|0|10,000
55,76057967|37,53494644|32,292000|2015-10-26 14:47:29|1445860049000|10|0|8,000
55,76049306|37,53488338|35,243999|2015-10-26 14:47:30|1445860050000|11|0|8,000
55,76032938|37,53478613|33,695999|2015-10-26 14:47:32|1445860052000|11|0|6,000
55,76023892|37,53475923|32,039997|2015-10-26 14:47:33|1445860053000|10|0|6,000
55,76010646|37,53466610|28,260000|2015-10-26 14:47:35|1445860055000|10|0|6,000
55,75996917|37,53457416|21,384001|2015-10-26 14:47:37|1445860057000|11|0|6,000
55,75987647|37,53453725|17,820000|2015-10-26 14:47:39|1445860059000|12|0|5,000
55,75975956|37,53447533|16,200001|2015-10-26 14:47:42|1445860062000|11|0|6,000
55,75965102|37,53440009|16,487999|2015-10-26 14:47:45|1445860065000|11|0|6,000
55,75951930|37,53431152|17,784000|2015-10-26 14:47:48|1445860068000|13|0|5,000
55,75938608|37,53423856|20,087999|2015-10-26 14:47:51|1445860071000|13|0|4,000
55,75929173|37,53422033|19,188000|2015-10-26 14:47:53|1445860073000|12|0|4,000
55,75919355|37,53417785|19,691999|2015-10-26 14:47:55|1445860075000|13|0|4,000
55,75910243|37,53415134|17,352001|2015-10-26 14:47:57|1445860077000|12|0|4,000
55,75897557|37,53413651|17,028000|2015-10-26 14:48:00|1445860080000|11|0|10,000
55,75887474|37,53406899|17,784000|2015-10-26 14:48:03|1445860083000|10|0|10,000
55,75877169|37,53403933|20,160000|2015-10-26 14:48:05|1445860085000|13|0|10,000
55,75864297|37,53400823|23,400000|2015-10-26 14:48:07|1445860087000|11|0|10,000
55,75855419|37,53397867|20,808001|2015-10-26 14:48:09|1445860089000|12|0|10,000
55,75846224|37,53393670|17,424000|2015-10-26 14:48:11|1445860091000|10|0|10,000
55,75837254|37,53390661|19,691999|2015-10-26 14:48:13|1445860093000|11|0|10,000
55,75826638|37,53386638|26,604000|2015-10-26 14:48:15|1445860095000|11|0|10,000
55,75812306|37,53382180|30,383999|2015-10-26 14:48:17|1445860097000|11|0|10,000
55,75798676|37,53377132|27,900000|2015-10-26 14:48:19|1445860099000|10|0|10,000
55,75786144|37,53371292|24,696001|2015-10-26 14:48:21|1445860101000|11|0|10,000
55,75775399|37,53367935|23,903999|2015-10-26 14:48:23|1445860103000|10|0|10,000
55,75765452|37,53362272|23,327999|2015-10-26 14:48:25|1445860105000|12|0|10,000
55,75755909|37,53358974|21,312000|2015-10-26 14:48:27|1445860107000|13|0|10,000
55,75743648|37,53353981|16,019999|2015-10-26 14:48:30|1445860110000|13|0|10,000
55,75734916|37,53349821|14,580001|2015-10-26 14:48:32|1445860112000|13|0|9,000
55,75724247|37,53346355|13,716000|2015-10-26 14:48:35|1445860115000|13|0|9,000
55,75714357|37,53342444|12,456000|2015-10-26 14:48:38|1445860118000|13|0|9,000
55,75705200|37,53336356|5,580000|2015-10-26 14:48:45|1445860125000|13|0|9,000
55,75695109|37,53330103|14,256001|2015-10-26 14:48:49|1445860129000|13|0|9,000
55,75683396|37,53324029|17,675999|2015-10-26 14:48:52|1445860132000|13|0|9,000
55,75670916|37,53317810|25,236000|2015-10-26 14:48:54|1445860134000|12|0|10,000
55,75655941|37,53311199|31,320000|2015-10-26 14:48:56|1445860136000|12|0|9,000
55,75640803|37,53305280|30,816002|2015-10-26 14:48:58|1445860138000|10|0|9,000
55,75626813|37,53294703|30,492001|2015-10-26 14:49:00|1445860140000|12|0|9,000
55,75609972|37,53288530|33,768002|2015-10-26 14:49:02|1445860142000|9|0|9,000
55,75594106|37,53279096|32,975998|2015-10-26 14:49:04|1445860144000|10|0|11,000
55,75584827|37,53276184|33,444000|2015-10-26 14:49:05|1445860145000|10|0|10,000
55,75569808|37,53269574|33,588001|2015-10-26 14:49:07|1445860147000|13|0|10,000
55,75558581|37,53266628|34,992001|2015-10-26 14:49:08|1445860148000|13|0|10,000
55,75543509|37,53257815|30,888000|2015-10-26 14:49:10|1445860150000|13|0|9,000
55,75532534|37,53251570|25,955999|2015-10-26 14:49:12|1445860152000|13|0|10,000
55,75521238|37,53247476|23,219999|2015-10-26 14:49:14|1445860154000|12|0|10,000
55,75510588|37,53243309|20,412001|2015-10-26 14:49:16|1445860156000|12|0|9,000
55,75501262|37,53240722|19,152000|2015-10-26 14:49:18|1445860158000|13|0|10,000
55,75492121|37,53236272|21,636002|2015-10-26 14:49:20|1445860160000|13|0|9,000
55,75480833|37,53231884|24,803999|2015-10-26 14:49:22|1445860162000|13|0|9,000
55,75467231|37,53227152|28,440001|2015-10-26 14:49:24|1445860164000|13|0|9,000
55,75450659|37,53220577|32,076000|2015-10-26 14:49:26|1445860166000|13|0|9,000
55,75435717|37,53213999|32,400002|2015-10-26 14:49:28|1445860168000|13|0|9,000
55,75421850|37,53207408|29,195999|2015-10-26 14:49:30|1445860170000|13|0|10,000
55,75407212|37,53202762|25,668001|2015-10-26 14:49:32|1445860172000|13|0|9,000
55,75397536|37,53196335|22,463999|2015-10-26 14:49:34|1445860174000|13|0|9,000
55,75385376|37,53191709|21,959999|2015-10-26 14:49:36|1445860176000|13|0|9,000
55,75374879|37,53186782|17,172001|2015-10-26 14:49:38|1445860178000|13|0|9,000
55,75362628|37,53181668|15,516000|2015-10-26 14:49:41|1445860181000|13|0|10,000
55,75352775|37,53176607|5,940000|2015-10-26 14:49:47|1445860187000|13|0|10,000
55,75343368|37,53172887|16,668001|2015-10-26 14:49:50|1445860190000|13|0|9,000
55,75329599|37,53167656|24,228001|2015-10-26 14:49:53|1445860193000|13|0|9,000
55,75314738|37,53160935|28,764000|2015-10-26 14:49:55|1445860195000|13|0|9,000
55,75300991|37,53157844|29,664000|2015-10-26 14:49:57|1445860197000|13|0|3,000
55,75286543|37,53153820|31,139999|2015-10-26 14:49:59|1445860199000|13|0|3,000
55,75270353|37,53150832|31,283998|2015-10-26 14:50:01|1445860201000|13|0|3,000
55,75255477|37,53148016|29,412001|2015-10-26 14:50:03|1445860203000|13|0|3,000
55,75240978|37,53147672|30,239998|2015-10-26 14:50:05|1445860205000|13|0|3,000
55,75226536|37,53145706|28,080000|2015-10-26 14:50:07|1445860207000|13|0|4,000
55,75213647|37,53144454|26,063999|2015-10-26 14:50:09|1445860209000|13|0|3,000
55,75202057|37,53144095|24,119999|2015-10-26 14:50:11|1445860211000|13|0|4,000
55,75189726|37,53144605|23,112000|2015-10-26 14:50:13|1445860213000|13|0|4,000
55,75179014|37,53147912|21,959999|2015-10-26 14:50:15|1445860215000|13|0|4,000
55,75168446|37,53150717|22,320000|2015-10-26 14:50:17|1445860217000|13|0|4,000
55,75157992|37,53150449|20,916000|2015-10-26 14:50:19|1445860219000|13|0|4,000
55,75145582|37,53148527|17,280001|2015-10-26 14:50:22|1445860222000|13|0|5,000
55,75136590|37,53148065|11,231999|2015-10-26 14:50:25|1445860225000|10|0|6,000
55,75124862|37,53145480|11,664000|2015-10-26 14:50:28|1445860228000|10|0|7,000
55,75115261|37,53141405|4,032000|2015-10-26 14:50:32|1445860232000|11|0|6,000
55,75105076|37,53151702|6,552000|2015-10-26 14:50:42|1445860242000|9|0|8,000
55,75095128|37,53159162|7,308000|2015-10-26 14:50:47|1445860247000|9|0|6,000
55,75087385|37,53168366|4,788000|2015-10-26 14:50:53|1445860253000|8|0|9,000
55,75076920|37,53161763|9,036000|2015-10-26 14:51:01|1445860261000|11|0|4,000
55,75066541|37,53165454|10,620000|2015-10-26 14:51:05|1445860265000|11|0|4,000
55,75053772|37,53171010|16,200001|2015-10-26 14:51:08|1445860268000|11|0|3,000
55,75043200|37,53175665|14,903999|2015-10-26 14:51:11|1445860271000|11|0|4,000
55,75033726|37,53179273|12,059999|2015-10-26 14:51:14|1445860274000|10|0|3,000
55,75022545|37,53187233|12,995999|2015-10-26 14:51:18|1445860278000|6|0|3,000
55,75012533|37,53192318|16,091999|2015-10-26 14:51:21|1445860281000|11|0|3,000
55,75001260|37,53197054|13,788000|2015-10-26 14:51:24|1445860284000|11|0|4,000
55,74989857|37,53200737|12,672000|2015-10-26 14:51:27|1445860287000|8|0|4,000
55,74981004|37,53205943|12,924000|2015-10-26 14:51:30|1445860290000|11|0|6,000
55,74970623|37,53207003|10,476000|2015-10-26 14:51:34|1445860294000|12|0|5,000
55,74960126|37,53212226|10,980000|2015-10-26 14:51:38|1445860298000|9|0|4,000
55,74951097|37,53214174|8,351999|2015-10-26 14:51:42|1445860302000|9|0|4,000
55,74940805|37,53215665|12,132000|2015-10-26 14:51:47|1445860307000|9|0|5,000
55,74930140|37,53218803|10,440001|2015-10-26 14:51:51|1445860311000|10|0|5,000
55,74921177|37,53221546|9,360000|2015-10-26 14:51:55|1445860315000|10|0|6,000
55,74912880|37,53228679|5,184000|2015-10-26 14:52:00|1445860320000|11|0|6,000
55,74904474|37,53235470|13,140000|2015-10-26 14:52:04|1445860324000|10|0|8,000
55,74895525|37,53239430|12,743999|2015-10-26 14:52:07|1445860327000|11|0|8,000
55,74885920|37,53244257|12,780000|2015-10-26 14:52:10|1445860330000|9|0|6,000
55,74875439|37,53245991|12,204000|2015-10-26 14:52:13|1445860333000|9|0|7,000
55,74864938|37,53250003|14,148001|2015-10-26 14:52:16|1445860336000|10|0|8,000
55,74853761|37,53250692|10,692000|2015-10-26 14:52:20|1445860340000|11|0|8,000
55,74844138|37,53250702|11,412001|2015-10-26 14:52:23|1445860343000|10|0|7,000
55,74833090|37,53252655|12,851999|2015-10-26 14:52:27|1445860347000|10|0|7,000
55,74821277|37,53250698|11,124000|2015-10-26 14:52:30|1445860350000|10|0|6,000
55,74811568|37,53252733|10,548000|2015-10-26 14:52:34|1445860354000|13|0|4,000
55,74802468|37,53255567|10,476000|2015-10-26 14:52:37|1445860357000|11|0|4,000
55,74791922|37,53256589|11,700000|2015-10-26 14:52:41|1445860361000|11|0|5,000
55,74781784|37,53258127|11,880000|2015-10-26 14:52:45|1445860365000|13|0|5,000
55,74770872|37,53261415|11,087999|2015-10-26 14:52:49|1445860369000|8|0|6,000
55,74761431|37,53263183|13,176001|2015-10-26 14:52:52|1445860372000|10|0|6,000
55,74752249|37,53267244|18,936001|2015-10-26 14:52:54|1445860374000|10|0|5,000
55,74742414|37,53271518|19,836000|2015-10-26 14:52:56|1445860376000|9|0|6,000
55,74731771|37,53275707|20,448000|2015-10-26 14:52:58|1445860378000|10|0|6,000
55,74720010|37,53278175|21,708000|2015-10-26 14:53:00|1445860380000|11|0|6,000
55,74710776|37,53282315|15,372000|2015-10-26 14:53:02|1445860382000|10|0|7,000
55,74701796|37,53284950|14,903999|2015-10-26 14:53:04|1445860384000|10|0|6,000
55,74692403|37,53286970|12,132000|2015-10-26 14:53:07|1445860387000|9|0|7,000
55,74683423|37,53291086|11,484000|2015-10-26 14:53:10|1445860390000|10|0|6,000
55,74672264|37,53292834|10,512000|2015-10-26 14:53:14|1445860394000|9|0|6,000
55,74659623|37,53295066|15,300000|2015-10-26 14:53:17|1445860397000|9|0|6,000
55,74648986|37,53295435|12,743999|2015-10-26 14:53:20|1445860400000|8|0|6,000
55,74636208|37,53296799|11,736000|2015-10-26 14:53:24|1445860404000|9|0|10,000
55,74626627|37,53301891|18,216000|2015-10-26 14:53:27|1445860407000|9|0|10,000
55,74612885|37,53306436|20,303999|2015-10-26 14:53:30|1445860410000|8|0|10,000
55,74603500|37,53307672|19,691999|2015-10-26 14:53:32|1445860412000|9|0|10,000
55,74592514|37,53310867|19,584000|2015-10-26 14:53:34|1445860414000|12|0|10,000
55,74582650|37,53313115|19,115999|2015-10-26 14:53:36|1445860416000|12|0|9,000
55,74572805|37,53314098|18,684000|2015-10-26 14:53:38|1445860418000|12|0|9,000
55,74563559|37,53315906|19,799999|2015-10-26 14:53:40|1445860420000|13|0|9,000
55,74552967|37,53318844|19,944000|2015-10-26 14:53:42|1445860422000|13|0|9,000
55,74543817|37,53321190|18,288000|2015-10-26 14:53:44|1445860424000|13|0|9,000
55,74531415|37,53324085|19,403999|2015-10-26 14:53:47|1445860427000|13|0|9,000
55,74521468|37,53326073|21,096001|2015-10-26 14:53:49|1445860429000|13|0|9,000
55,74510654|37,53329065|23,256001|2015-10-26 14:53:51|1445860431000|13|0|9,000
55,74498628|37,53331336|23,004000|2015-10-26 14:53:53|1445860433000|13|0|10,000
55,74489451|37,53335350|19,115999|2015-10-26 14:53:55|1445860435000|12|0|11,000
55,74477867|37,53338762|24,732000|2015-10-26 14:53:57|1445860437000|12|0|9,000
55,74464508|37,53342209|27,504000|2015-10-26 14:53:59|1445860439000|12|0|10,000
55,74449887|37,53344359|29,412001|2015-10-26 14:54:01|1445860441000|12|0|9,000
55,74433542|37,53348990|34,883999|2015-10-26 14:54:03|1445860443000|12|0|9,000
55,74418119|37,53354604|29,304001|2015-10-26 14:54:05|1445860445000|13|0|9,000
55,74407348|37,53359638|25,812000|2015-10-26 14:54:07|1445860447000|13|0|9,000
55,74397760|37,53362231|21,312000|2015-10-26 14:54:09|1445860449000|13|0|9,000
55,74385756|37,53365018|14,616000|2015-10-26 14:54:12|1445860452000|13|0|9,000
55,74374622|37,53368385|15,696000|2015-10-26 14:54:15|1445860455000|13|0|9,000
55,74361609|37,53372111|16,920000|2015-10-26 14:54:18|1445860458000|13|0|9,000
55,74352546|37,53373466|17,747999|2015-10-26 14:54:20|1445860460000|13|0|9,000
55,74342560|37,53375368|19,115999|2015-10-26 14:54:22|1445860462000|13|0|9,000
55,74328282|37,53380270|22,032000|2015-10-26 14:54:25|1445860465000|13|0|9,000
55,74316177|37,53385504|26,927999|2015-10-26 14:54:27|1445860467000|12|0|9,000
55,74301132|37,53390160|32,112000|2015-10-26 14:54:29|1445860469000|12|0|9,000
55,74284407|37,53397498|34,776001|2015-10-26 14:54:31|1445860471000|13|0|9,000
55,74275603|37,53402104|35,639999|2015-10-26 14:54:32|1445860472000|13|0|9,000
55,74258540|37,53411865|36,107998|2015-10-26 14:54:34|1445860474000|13|0|3,000
55,74248547|37,53415926|38,016003|2015-10-26 14:54:35|1445860475000|12|0|3,000
55,74239297|37,53419669|38,016003|2015-10-26 14:54:36|1445860476000|12|0|4,000
55,74230004|37,53423426|38,016003|2015-10-26 14:54:37|1445860477000|2|0|6,000
55,73818279|37,53695406|11,484000|2015-10-26 14:56:23|1445860583000|9|0|11,000
55,73810453|37,53703418|16,308001|2015-10-26 14:56:25|1445860585000|11|0|7,000
55,73802304|37,53712113|17,712000|2015-10-26 14:56:27|1445860587000|11|0|6,000
55,73790718|37,53726220|17,891998|2015-10-26 14:56:30|1445860590000|11|0|4,000
55,73783762|37,53738820|20,987999|2015-10-26 14:56:32|1445860592000|12|0|3,000
55,73776633|37,53748835|18,216000|2015-10-26 14:56:34|1445860594000|13|0|3,000
55,73767674|37,53758017|12,780000|2015-10-26 14:56:37|1445860597000|13|0|3,000
55,73758997|37,53768175|8,532000|2015-10-26 14:56:42|1445860602000|12|0|5,000
55,73750684|37,53777829|13,464000|2015-10-26 14:56:45|1445860605000|12|0|4,000
55,73743084|37,53792105|17,280001|2015-10-26 14:56:48|1445860608000|13|0|4,000
55,73732766|37,53805856|17,172001|2015-10-26 14:56:51|1445860611000|10|0|4,000
55,73724628|37,53818326|20,771999|2015-10-26 14:56:53|1445860613000|11|0|4,000
55,73714600|37,53832718|16,955999|2015-10-26 14:56:56|1445860616000|9|0|4,000
55,73703976|37,53847718|20,664000|2015-10-26 14:56:59|1445860619000|9|0|4,000
55,73697414|37,53861466|17,568001|2015-10-26 14:57:01|1445860621000|11|0|4,000
55,73689627|37,53876153|24,587999|2015-10-26 14:57:03|1445860623000|10|0|5,000
55,73682986|37,53889703|22,139999|2015-10-26 14:57:05|1445860625000|10|0|5,000
55,73673809|37,53902838|22,931999|2015-10-26 14:57:07|1445860627000|8|0|5,000
55,73663958|37,53915029|21,636002|2015-10-26 14:57:09|1445860629000|9|0|5,000
55,73656746|37,53925927|18,900000|2015-10-26 14:57:11|1445860631000|9|0|6,000
55,73648774|37,53938129|16,416000|2015-10-26 14:57:13|1445860633000|11|0|5,000
55,73640357|37,53951280|14,580001|2015-10-26 14:57:16|1445860636000|12|0|5,000
55,73633014|37,53963164|15,084001|2015-10-26 14:57:19|1445860639000|11|0|5,000
55,73622703|37,53980894|18,936001|2015-10-26 14:57:22|1445860642000|12|0|9,000
55,73613176|37,53995861|18,324001|2015-10-26 14:57:25|1445860645000|13|0|10,000
55,73603027|37,54012551|19,764000|2015-10-26 14:57:28|1445860648000|12|0|5,000
55,73595290|37,54024259|20,303999|2015-10-26 14:57:30|1445860650000|9|0|6,000
55,73586679|37,54037460|22,032000|2015-10-26 14:57:32|1445860652000|10|0|5,000
55,73577558|37,54051954|22,356001|2015-10-26 14:57:34|1445860654000|10|0|5,000
55,73567788|37,54065657|22,608002|2015-10-26 14:57:36|1445860656000|11|0|5,000
55,73559443|37,54080624|23,831999|2015-10-26 14:57:38|1445860658000|11|0|4,000
55,73550727|37,54093960|24,660000|2015-10-26 14:57:40|1445860660000|10|0|4,000
55,73541466|37,54109385|26,927999|2015-10-26 14:57:42|1445860662000|10|0|4,000
55,73532286|37,54126342|27,143999|2015-10-26 14:57:44|1445860664000|12|0|4,000
55,73521476|37,54143579|27,072001|2015-10-26 14:57:46|1445860666000|12|0|4,000
55,73512559|37,54156403|22,608002|2015-10-26 14:57:48|1445860668000|10|0|4,000
55,73504131|37,54166759|18,576000|2015-10-26 14:57:50|1445860670000|10|0|4,000
55,73493846|37,54176010|21,132000|2015-10-26 14:57:52|1445860672000|12|0|4,000
55,73485142|37,54186082|20,052000|2015-10-26 14:57:54|1445860674000|10|0|4,000
55,73477371|37,54198613|20,808001|2015-10-26 14:57:56|1445860676000|12|0|5,000
55,73467240|37,54215048|20,160000|2015-10-26 14:57:59|1445860679000|10|0|5,000
55,73456378|37,54227405|18,936001|2015-10-26 14:58:02|1445860682000|10|0|5,000
55,73446730|37,54238844|9,216000|2015-10-26 14:58:05|1445860685000|10|0|5,000
55,73438925|37,54251067|5,940000|2015-10-26 14:58:10|1445860690000|11|0|6,000
55,73428166|37,54257358|10,151999|2015-10-26 14:58:16|1445860696000|10|0|5,000
55,73420041|37,54264645|8,640000|2015-10-26 14:58:21|1445860701000|11|0|4,000
55,73409415|37,54271674|9,108000|2015-10-26 14:58:26|1445860706000|11|0|4,000
55,73398918|37,54279268|17,496000|2015-10-26 14:58:29|1445860709000|9|0|5,000
55,73388506|37,54284735|23,292000|2015-10-26 14:58:31|1445860711000|11|0|4,000
55,73375665|37,54291890|26,891998|2015-10-26 14:58:33|1445860713000|12|0|4,000
55,73362333|37,54297929|25,271999|2015-10-26 14:58:35|1445860715000|12|0|4,000
55,73349793|37,54306255|23,976000|2015-10-26 14:58:37|1445860717000|13|0|4,000
55,73337123|37,54311039|26,568001|2015-10-26 14:58:39|1445860719000|13|0|4,000
55,73325495|37,54312868|22,931999|2015-10-26 14:58:41|1445860721000|10|0|6,000
55,73316545|37,54314712|19,944000|2015-10-26 14:58:43|1445860723000|9|0|10,000
55,73303020|37,54321170|16,668001|2015-10-26 14:58:46|1445860726000|10|0|10,000
55,73292060|37,54320240|14,076000|2015-10-26 14:58:49|1445860729000|13|0|10,000
55,73280612|37,54324498|13,860000|2015-10-26 14:58:51|1445860731000|13|0|6,000
55,73270345|37,54326696|12,204000|2015-10-26 14:58:55|1445860735000|13|0|4,000
55,73259004|37,54329109|13,716000|2015-10-26 14:58:58|1445860738000|13|0|4,000
55,73246306|37,54332539|17,963999|2015-10-26 14:59:01|1445860741000|12|0|4,000
55,73236755|37,54334979|19,368000|2015-10-26 14:59:03|1445860743000|13|0|4,000
55,73225598|37,54336358|20,591999|2015-10-26 14:59:05|1445860745000|10|0|4,000
55,73214870|37,54339891|21,384001|2015-10-26 14:59:07|1445860747000|11|0|3,000
55,73204866|37,54344220|21,816000|2015-10-26 14:59:09|1445860749000|9|0|3,000
55,73192656|37,54347667|21,959999|2015-10-26 14:59:11|1445860751000|10|0|4,000
55,73180735|37,54352330|22,356001|2015-10-26 14:59:13|1445860753000|11|0|4,000
55,73170908|37,54362777|20,771999|2015-10-26 14:59:15|1445860755000|9|0|5,000
55,73161628|37,54369743|17,280001|2015-10-26 14:59:17|1445860757000|9|0|5,000
55,73150384|37,54373781|15,119999|2015-10-26 14:59:20|1445860760000|9|0|4,000
55,73140415|37,54378353|20,340000|2015-10-26 14:59:22|1445860762000|11|0|4,000
55,73129463|37,54384972|23,363998|2015-10-26 14:59:24|1445860764000|10|0|5,000
55,73118412|37,54395733|24,012001|2015-10-26 14:59:26|1445860766000|9|0|6,000
55,73108183|37,54406369|17,712000|2015-10-26 14:59:29|1445860769000|11|0|5,000
55,73096034|37,54415046|15,912001|2015-10-26 14:59:32|1445860772000|8|0|4,000
55,73085927|37,54423420|17,280001|2015-10-26 14:59:35|1445860775000|11|0|5,000
55,73075320|37,54437630|19,872000|2015-10-26 14:59:38|1445860778000|10|0|4,000
55,73065257|37,54445284|22,284000|2015-10-26 14:59:40|1445860780000|11|0|4,000
55,73055263|37,54457010|26,100000|2015-10-26 14:59:42|1445860782000|8|0|4,000
55,73044671|37,54467918|24,480001|2015-10-26 14:59:44|1445860784000|10|0|4,000
55,73033204|37,54479176|27,360001|2015-10-26 14:59:46|1445860786000|12|0|4,000
55,73018599|37,54490749|29,807999|2015-10-26 14:59:48|1445860788000|13|0|5,000
55,73008592|37,54500567|23,472000|2015-10-26 14:59:50|1445860790000|10|0|3,000
55,72999724|37,54509694|19,115999|2015-10-26 14:59:52|1445860792000|9|0|3,000
55,72991071|37,54516657|20,268000|2015-10-26 14:59:54|1445860794000|9|0|3,000
55,72982720|37,54524971|18,324001|2015-10-26 14:59:56|1445860796000|12|0|3,000
55,72970348|37,54535105|17,388000|2015-10-26 14:59:59|1445860799000|11|0|4,000
55,72961896|37,54542960|19,368000|2015-10-26 15:00:01|1445860801000|11|0|4,000
55,72950677|37,54553986|23,580000|2015-10-26 15:00:03|1445860803000|12|0|3,000
55,72940400|37,54564689|23,652000|2015-10-26 15:00:05|1445860805000|12|0|4,000
55,72930213|37,54574925|23,760000|2015-10-26 15:00:07|1445860807000|11|0|4,000
55,72920466|37,54582023|20,987999|2015-10-26 15:00:09|1445860809000|11|0|4,000
55,72910062|37,54591594|25,668001|2015-10-26 15:00:11|1445860811000|12|0|4,000
55,72900822|37,54602216|24,660000|2015-10-26 15:00:13|1445860813000|11|0|4,000
55,72891578|37,54610883|18,576000|2015-10-26 15:00:15|1445860815000|12|0|3,000
55,72881484|37,54620475|16,884001|2015-10-26 15:00:18|1445860818000|11|0|3,000
55,72870814|37,54626808|23,615999|2015-10-26 15:00:20|1445860820000|11|0|4,000
55,72859616|37,54635568|23,868000|2015-10-26 15:00:22|1445860822000|11|0|4,000
55,72850969|37,54645032|22,608002|2015-10-26 15:00:24|1445860824000|9|0|5,000
55,72841310|37,54653592|21,275999|2015-10-26 15:00:26|1445860826000|10|0|4,000
55,72832453|37,54661956|20,303999|2015-10-26 15:00:28|1445860828000|12|0|4,000
55,72822754|37,54670019|21,024000|2015-10-26 15:00:30|1445860830000|8|0|4,000
55,72812851|37,54677418|21,852001|2015-10-26 15:00:32|1445860832000|11|0|4,000
55,72802627|37,54685595|23,400000|2015-10-26 15:00:34|1445860834000|12|0|3,000
55,72792609|37,54694709|23,363998|2015-10-26 15:00:36|1445860836000|11|0|3,000
55,72781986|37,54707058|26,532000|2015-10-26 15:00:38|1445860838000|10|0|4,000
55,72769695|37,54719495|27,504000|2015-10-26 15:00:40|1445860840000|10|0|4,000
55,72756619|37,54733630|31,392000|2015-10-26 15:00:42|1445860842000|10|0|4,000
55,72741862|37,54745944|34,163998|2015-10-26 15:00:44|1445860844000|9|0|4,000
55,72727892|37,54759353|32,436001|2015-10-26 15:00:46|1445860846000|10|0|4,000
55,72713187|37,54772071|31,860001|2015-10-26 15:00:48|1445860848000|10|0|4,000
55,72699744|37,54785810|32,256001|2015-10-26 15:00:50|1445860850000|11|0|4,000
55,72685277|37,54800137|32,760002|2015-10-26 15:00:52|1445860852000|12|0|4,000
55,72671468|37,54814047|33,516003|2015-10-26 15:00:54|1445860854000|10|0|4,000
55,72656243|37,54828895|34,056000|2015-10-26 15:00:56|1445860856000|11|0|3,000
55,72643176|37,54839428|32,183998|2015-10-26 15:00:58|1445860858000|11|0|4,000
55,72628265|37,54851832|32,903999|2015-10-26 15:01:00|1445860860000|10|0|4,000
55,72613114|37,54867835|34,236000|2015-10-26 15:01:02|1445860862000|11|0|4,000
55,72597940|37,54881912|33,084000|2015-10-26 15:01:04|1445860864000|11|0|3,000
55,72589270|37,54889071|35,099998|2015-10-26 15:01:05|1445860865000|11|0|3,000
55,72572825|37,54905236|39,276001|2015-10-26 15:01:07|1445860867000|10|0|3,000
55,72563624|37,54913744|39,563999|2015-10-26 15:01:08|1445860868000|10|0|3,000
55,72554738|37,54921391|39,563999|2015-10-26 15:01:09|1445860869000|10|0|4,000
55,72546325|37,54928683|38,195999|2015-10-26 15:01:10|1445860870000|9|0|4,000
55,72537964|37,54936799|38,195999|2015-10-26 15:01:11|1445860871000|9|0|5,000
55,72528942|37,54942464|38,627998|2015-10-26 15:01:12|1445860872000|7|0|4,000
55,72520569|37,54950939|38,627998|2015-10-26 15:01:13|1445860873000|7|0|5,000
55,72512370|37,54959839|36,539997|2015-10-26 15:01:14|1445860874000|9|0|4,000
55,72497819|37,54974810|33,948002|2015-10-26 15:01:16|1445860876000|9|0|4,000
55,72484541|37,54989978|34,416000|2015-10-26 15:01:18|1445860878000|8|0|4,000
55,72475982|37,55000969|34,776001|2015-10-26 15:01:19|1445860879000|9|0|4,000
55,72459470|37,55020797|38,375999|2015-10-26 15:01:21|1445860881000|10|0|4,000
55,72451353|37,55029404|37,799999|2015-10-26 15:01:22|1445860882000|10|0|4,000
55,72441611|37,55039551|37,043999|2015-10-26 15:01:23|1445860883000|11|0|4,000
55,72427534|37,55055829|34,344002|2015-10-26 15:01:25|1445860885000|8|0|4,000
55,72415088|37,55074092|30,636002|2015-10-26 15:01:27|1445860887000|10|0|4,000
55,72403706|37,55091349|26,856001|2015-10-26 15:01:29|1445860889000|7|0|4,000
55,72393395|37,55105901|27,216000|2015-10-26 15:01:31|1445860891000|9|0|4,000
55,72380098|37,55125208|34,596001|2015-10-26 15:01:33|1445860893000|12|0|4,000
55,72365389|37,55145384|37,799999|2015-10-26 15:01:35|1445860895000|11|0|4,000
55,72358523|37,55156861|37,764000|2015-10-26 15:01:36|1445860896000|12|0|3,000
55,72351840|37,55168160|34,667999|2015-10-26 15:01:37|1445860897000|12|0|3,000
55,72339050|37,55187795|33,336002|2015-10-26 15:01:39|1445860899000|11|0|3,000
55,72326986|37,55208717|35,063999|2015-10-26 15:01:41|1445860901000|10|0|3,000
55,72313934|37,55229776|36,180000|2015-10-26 15:01:43|1445860903000|13|0|4,000
55,72306954|37,55240813|35,063999|2015-10-26 15:01:44|1445860904000|13|0|4,000
55,72296902|37,55258784|32,688000|2015-10-26 15:01:46|1445860906000|9|0|4,000
55,72286009|37,55280494|33,695999|2015-10-26 15:01:48|1445860908000|10|0|4,000
55,72275559|37,55302160|33,084000|2015-10-26 15:01:50|1445860910000|11|0|3,000
55,72265882|37,55322222|28,296001|2015-10-26 15:01:52|1445860912000|12|0|3,000
55,72256873|37,55341555|27,684000|2015-10-26 15:01:54|1445860914000|12|0|4,000
55,72248091|37,55363646|30,348001|2015-10-26 15:01:56|1445860916000|10|0|4,000
55,72238247|37,55385357|29,627998|2015-10-26 15:01:58|1445860918000|11|0|3,000
55,72229954|37,55404660|27,468000|2015-10-26 15:02:00|1445860920000|11|0|3,000
55,72220734|37,55429773|32,039997|2015-10-26 15:02:02|1445860922000|9|0|3,000
55,72211612|37,55451935|31,356001|2015-10-26 15:02:04|1445860924000|11|0|3,000
55,72202485|37,55474316|31,104002|2015-10-26 15:02:06|1445860926000|10|0|3,000
55,72194557|37,55499873|35,316002|2015-10-26 15:02:08|1445860928000|12|0|4,000
55,72189616|37,55513223|36,251999|2015-10-26 15:02:09|1445860929000|11|0|4,000
55,72185246|37,55527888|36,504002|2015-10-26 15:02:10|1445860930000|11|0|4,000
55,72176013|37,55554800|37,907997|2015-10-26 15:02:12|1445860932000|11|0|4,000
55,72171453|37,55568873|38,700001|2015-10-26 15:02:13|1445860933000|11|0|4,000
55,72166374|37,55582658|39,419998|2015-10-26 15:02:14|1445860934000|10|0|4,000
55,72161695|37,55597471|39,132000|2015-10-26 15:02:15|1445860935000|10|0|4,000
55,72157083|37,55612720|39,132000|2015-10-26 15:02:16|1445860936000|10|0|4,000
55,72152671|37,55628346|39,096001|2015-10-26 15:02:17|1445860937000|12|0|5,000
55,72148495|37,55642681|37,332001|2015-10-26 15:02:18|1445860938000|12|0|4,000
55,72144397|37,55658410|35,136002|2015-10-26 15:02:19|1445860939000|11|0|4,000
55,72136792|37,55685354|33,840000|2015-10-26 15:02:21|1445860941000|9|0|4,000
55,72130495|37,55709848|34,992001|2015-10-26 15:02:23|1445860943000|10|0|4,000
55,72123461|37,55738431|36,396000|2015-10-26 15:02:25|1445860945000|10|0|4,000
55,72118221|37,55756866|39,924000|2015-10-26 15:02:26|1445860946000|9|0|4,000
55,72114148|37,55775185|43,667999|2015-10-26 15:02:27|1445860947000|8|0|5,000
55,72108969|37,55792970|47,483997|2015-10-26 15:02:28|1445860948000|9|0|5,000
55,72104430|37,55813529|49,392002|2015-10-26 15:02:29|1445860949000|10|0|5,000
55,72098944|37,55834040|46,799999|2015-10-26 15:02:30|1445860950000|8|0|5,000
55,72093960|37,55852765|46,799999|2015-10-26 15:02:31|1445860951000|8|0|6,000
55,72088285|37,55871251|49,320000|2015-10-26 15:02:32|1445860952000|11|0|5,000
55,72083418|37,55891281|49,320000|2015-10-26 15:02:33|1445860953000|11|0|7,000
55,72077065|37,55913237|51,084000|2015-10-26 15:02:34|1445860954000|9|0|6,000
55,72071203|37,55937656|53,279999|2015-10-26 15:02:35|1445860955000|10|0|7,000
55,72065868|37,55956670|53,099998|2015-10-26 15:02:36|1445860956000|11|0|7,000
55,72058581|37,55976177|53,495998|2015-10-26 15:02:37|1445860957000|10|0|6,000
55,72052334|37,55997073|53,495998|2015-10-26 15:02:38|1445860958000|10|0|7,000
55,72045067|37,56014501|54,216003|2015-10-26 15:02:39|1445860959000|10|0|6,000
55,72038496|37,56037167|54,287998|2015-10-26 15:02:40|1445860960000|10|0|6,000
55,72032049|37,56058282|54,287998|2015-10-26 15:02:41|1445860961000|10|0|7,000
55,72024063|37,56084295|58,824001|2015-10-26 15:02:42|1445860962000|11|0|6,000
55,72017458|37,56106235|59,688000|2015-10-26 15:02:43|1445860963000|11|0|5,000
55,72010321|37,56129502|60,372002|2015-10-26 15:02:44|1445860964000|9|0|5,000
55,72003737|37,56151264|62,567997|2015-10-26 15:02:45|1445860965000|11|0|5,000
55,71996361|37,56174346|63,467999|2015-10-26 15:02:46|1445860966000|11|0|5,000
55,71988747|37,56201921|65,484001|2015-10-26 15:02:47|1445860967000|10|0|5,000
55,71979596|37,56226720|67,103996|2015-10-26 15:02:48|1445860968000|12|0|5,000
55,71971754|37,56251720|67,932007|2015-10-26 15:02:49|1445860969000|10|0|4,000
55,71964672|37,56278650|67,248001|2015-10-26 15:02:50|1445860970000|10|0|5,000
55,71956361|37,56304506|67,320000|2015-10-26 15:02:51|1445860971000|12|0|4,000
55,71948913|37,56331085|66,491997|2015-10-26 15:02:52|1445860972000|12|0|3,000
55,71941500|37,56355918|65,664001|2015-10-26 15:02:53|1445860973000|12|0|3,000
55,71933706|37,56381179|64,548004|2015-10-26 15:02:54|1445860974000|12|0|3,000
55,71925864|37,56405925|64,188004|2015-10-26 15:02:55|1445860975000|12|0|3,000
55,71918249|37,56428502|61,812000|2015-10-26 15:02:56|1445860976000|12|0|3,000
55,71910534|37,56451710|60,479996|2015-10-26 15:02:57|1445860977000|12|0|3,000
55,71902533|37,56473660|58,679996|2015-10-26 15:02:58|1445860978000|12|0|4,000
55,71894837|37,56494556|57,312000|2015-10-26 15:02:59|1445860979000|13|0|3,000
55,71886854|37,56514237|56,051998|2015-10-26 15:03:00|1445860980000|13|0|4,000
55,71878083|37,56533467|55,043999|2015-10-26 15:03:01|1445860981000|13|0|3,000
55,71870336|37,56552300|54,287998|2015-10-26 15:03:02|1445860982000|13|0|3,000
55,71862861|37,56571852|54,431999|2015-10-26 15:03:03|1445860983000|13|0|3,000
55,71855499|37,56592886|55,188000|2015-10-26 15:03:04|1445860984000|13|0|3,000
55,71848278|37,56614742|56,268002|2015-10-26 15:03:05|1445860985000|13|0|3,000
55,71840529|37,56637021|58,716000|2015-10-26 15:03:06|1445860986000|13|0|3,000
55,71833311|37,56660631|59,436001|2015-10-26 15:03:07|1445860987000|13|0|3,000
55,71826077|37,56682477|59,400002|2015-10-26 15:03:08|1445860988000|13|0|3,000
55,71818482|37,56705458|59,112000|2015-10-26 15:03:09|1445860989000|13|0|3,000
55,71810979|37,56727996|55,980000|2015-10-26 15:03:10|1445860990000|13|0|3,000
55,71804358|37,56749300|54,144001|2015-10-26 15:03:11|1445860991000|10|0|3,000
55,71797710|37,56770216|51,336002|2015-10-26 15:03:12|1445860992000|9|0|3,000
55,71790127|37,56789027|46,007999|2015-10-26 15:03:13|1445860993000|9|0|3,000
55,71785279|37,56804760|40,248001|2015-10-26 15:03:14|1445860994000|9|0|3,000
55,71777052|37,56830259|31,320000|2015-10-26 15:03:16|1445860996000|8|0|3,000
55,71768520|37,56849179|23,327999|2015-10-26 15:03:18|1445860998000|10|0|4,000
55,71760252|37,56856905|18,612000|2015-10-26 15:03:20|1445861000000|11|0|4,000
55,71750423|37,56851691|25,703999|2015-10-26 15:03:22|1445861002000|13|0|4,000
55,71738141|37,56838682|28,872002|2015-10-26 15:03:24|1445861004000|11|0|6,000
55,71729529|37,56825840|34,524002|2015-10-26 15:03:25|1445861005000|12|0|4,000
55,71713214|37,56807109|38,952000|2015-10-26 15:03:27|1445861007000|11|0|4,000
55,71704674|37,56796430|41,183998|2015-10-26 15:03:28|1445861008000|11|0|4,000
55,71695015|37,56785944|44,639999|2015-10-26 15:03:29|1445861009000|10|0|4,000
55,71684579|37,56774779|45,863998|2015-10-26 15:03:30|1445861010000|12|0|4,000
55,71675325|37,56761374|47,916000|2015-10-26 15:03:31|1445861011000|12|0|3,000
55,71665153|37,56748074|50,256001|2015-10-26 15:03:32|1445861012000|11|0|3,000
55,71654974|37,56735218|50,903999|2015-10-26 15:03:33|1445861013000|10|0|4,000
55,71643382|37,56722543|52,344002|2015-10-26 15:03:34|1445861014000|10|0|4,000
55,71632304|37,56711645|54,035999|2015-10-26 15:03:35|1445861015000|11|0|4,000
55,71619432|37,56698710|56,375999|2015-10-26 15:03:36|1445861016000|10|0|5,000
55,71606225|37,56684699|58,032001|2015-10-26 15:03:37|1445861017000|10|0|4,000
55,71594641|37,56670445|59,723999|2015-10-26 15:03:38|1445861018000|12|0|4,000
55,71581876|37,56656808|59,723999|2015-10-26 15:03:39|1445861019000|12|0|5,000
55,71569056|37,56641416|63,072002|2015-10-26 15:03:40|1445861020000|12|0|3,000
55,71556642|37,56624656|63,216000|2015-10-26 15:03:41|1445861021000|10|0|4,000
55,71543692|37,56609077|63,612000|2015-10-26 15:03:42|1445861022000|11|0|4,000
55,71531710|37,56592687|64,979996|2015-10-26 15:03:43|1445861023000|13|0|3,000
55,71518497|37,56575765|64,835999|2015-10-26 15:03:44|1445861024000|12|0|3,000
55,71505439|37,56558380|64,548004|2015-10-26 15:03:45|1445861025000|11|0|3,000
55,71493028|37,56540914|64,044006|2015-10-26 15:03:46|1445861026000|12|0|3,000
55,71480604|37,56524377|64,548004|2015-10-26 15:03:47|1445861027000|11|0|4,000
55,71467355|37,56506157|65,339996|2015-10-26 15:03:48|1445861028000|11|0|3,000
55,71454235|37,56489362|65,267998|2015-10-26 15:03:49|1445861029000|11|0|3,000
55,71441530|37,56471276|66,491997|2015-10-26 15:03:50|1445861030000|11|0|4,000
55,71429043|37,56454506|67,823997|2015-10-26 15:03:51|1445861031000|12|0|4,000
55,71415308|37,56436113|67,428001|2015-10-26 15:03:52|1445861032000|10|0|4,000
55,71401699|37,56417816|68,652000|2015-10-26 15:03:53|1445861033000|13|0|4,000
55,71388071|37,56398561|69,732002|2015-10-26 15:03:54|1445861034000|11|0|5,000
55,71373389|37,56378743|71,351997|2015-10-26 15:03:55|1445861035000|11|0|5,000
55,71358761|37,56359058|71,963997|2015-10-26 15:03:56|1445861036000|12|0|5,000
55,71343492|37,56338164|72,863998|2015-10-26 15:03:57|1445861037000|13|0|4,000
55,71328519|37,56316256|73,512001|2015-10-26 15:03:58|1445861038000|12|0|4,000
55,71314176|37,56296215|73,979996|2015-10-26 15:03:59|1445861039000|12|0|4,000
55,71299746|37,56276127|74,015999|2015-10-26 15:04:00|1445861040000|9|0|4,000
55,71285966|37,56256166|76,211998|2015-10-26 15:04:01|1445861041000|10|0|4,000
55,71270637|37,56235929|76,571999|2015-10-26 15:04:02|1445861042000|12|0|4,000
55,71254978|37,56213063|78,192001|2015-10-26 15:04:03|1445861043000|11|0|4,000
55,71238981|37,56191188|79,127998|2015-10-26 15:04:04|1445861044000|11|0|3,000
55,71223810|37,56172730|79,955994|2015-10-26 15:04:05|1445861045000|11|0|3,000
55,71208146|37,56152626|79,848000|2015-10-26 15:04:06|1445861046000|12|0|4,000
55,71192496|37,56130236|78,300003|2015-10-26 15:04:07|1445861047000|12|0|3,000
55,71177140|37,56108488|78,587997|2015-10-26 15:04:08|1445861048000|10|0|3,000
55,71160994|37,56088428|79,199997|2015-10-26 15:04:09|1445861049000|11|0|3,000
55,71144975|37,56067096|78,695999|2015-10-26 15:04:10|1445861050000|11|0|3,000
55,71129232|37,56044678|78,300003|2015-10-26 15:04:11|1445861051000|12|0|3,000
55,71113246|37,56023579|79,632004|2015-10-26 15:04:12|1445861052000|12|0|3,000
55,71097776|37,56001860|79,776001|2015-10-26 15:04:13|1445861053000|11|0|4,000
55,71081761|37,55979002|79,848000|2015-10-26 15:04:14|1445861054000|12|0|4,000
55,71065060|37,55957358|80,279999|2015-10-26 15:04:15|1445861055000|11|0|4,000
55,71049239|37,55935808|80,459999|2015-10-26 15:04:16|1445861056000|12|0|4,000
55,71033160|37,55914455|81,000000|2015-10-26 15:04:17|1445861057000|12|0|4,000
55,71016851|37,55891276|81,180000|2015-10-26 15:04:18|1445861058000|12|0|4,000
55,71000496|37,55871313|81,684006|2015-10-26 15:04:19|1445861059000|12|0|4,000
55,70984439|37,55849037|82,908005|2015-10-26 15:04:20|1445861060000|12|0|4,000
55,70968290|37,55826238|83,195999|2015-10-26 15:04:21|1445861061000|12|0|4,000
55,70951949|37,55803709|83,232002|2015-10-26 15:04:22|1445861062000|12|0|4,000
55,70934679|37,55780779|84,203995|2015-10-26 15:04:23|1445861063000|12|0|4,000
55,70917718|37,55757415|84,744003|2015-10-26 15:04:24|1445861064000|12|0|4,000
55,70900376|37,55733344|84,888000|2015-10-26 15:04:25|1445861065000|12|0|4,000
55,70883606|37,55710294|84,167999|2015-10-26 15:04:26|1445861066000|13|0|4,000
55,70867294|37,55687591|84,563995|2015-10-26 15:04:27|1445861067000|12|0|4,000
55,70851643|37,55665220|85,355995|2015-10-26 15:04:28|1445861068000|11|0|4,000
55,70834635|37,55640175|85,715996|2015-10-26 15:04:29|1445861069000|12|0|4,000
55,70817761|37,55618334|85,320000|2015-10-26 15:04:30|1445861070000|12|0|3,000
55,70800989|37,55596440|85,284004|2015-10-26 15:04:31|1445861071000|11|0|3,000
55,70784702|37,55573286|84,599998|2015-10-26 15:04:32|1445861072000|12|0|3,000
55,70768439|37,55552153|85,680000|2015-10-26 15:04:33|1445861073000|11|0|3,000
55,70752094|37,55529029|85,067993|2015-10-26 15:04:34|1445861074000|11|0|3,000
55,70734406|37,55505113|85,536003|2015-10-26 15:04:35|1445861075000|10|0|3,000
55,70718754|37,55483593|85,139999|2015-10-26 15:04:36|1445861076000|9|0|3,000
55,70701882|37,55460733|85,139999|2015-10-26 15:04:37|1445861077000|9|0|4,000
55,70685006|37,55438865|85,211998|2015-10-26 15:04:38|1445861078000|10|0|3,000
55,70667961|37,55417346|84,384003|2015-10-26 15:04:39|1445861079000|9|0|3,000
55,70651709|37,55395584|80,963997|2015-10-26 15:04:40|1445861080000|5|0|4,000
55,70635757|37,55373859|80,928001|2015-10-26 15:04:41|1445861081000|5|0|6,000
55,70600872|37,55327766|87,048004|2015-10-26 15:04:43|1445861083000|7|0|12,000
55,70588135|37,55301309|86,075996|2015-10-26 15:04:44|1445861084000|10|0|11,000
55,70570407|37,55272763|89,063995|2015-10-26 15:04:45|1445861085000|11|0|7,000
55,70552488|37,55253971|84,420006|2015-10-26 15:04:46|1445861086000|11|0|4,000
55,70535911|37,55232820|84,599998|2015-10-26 15:04:47|1445861087000|11|0|4,000
55,70518447|37,55209371|81,432007|2015-10-26 15:04:48|1445861088000|11|0|4,000
55,70502479|37,55189176|79,884003|2015-10-26 15:04:49|1445861089000|10|0|4,000
55,70485890|37,55167123|77,148003|2015-10-26 15:04:50|1445861090000|11|0|4,000
55,70469864|37,55145728|73,944000|2015-10-26 15:04:51|1445861091000|10|0|3,000
55,70455457|37,55128465|73,872002|2015-10-26 15:04:52|1445861092000|10|0|4,000
55,70440365|37,55109277|72,972000|2015-10-26 15:04:53|1445861093000|10|0|3,000
55,70425607|37,55090223|73,044006|2015-10-26 15:04:54|1445861094000|10|0|3,000
55,70411703|37,55070174|72,323997|2015-10-26 15:04:55|1445861095000|10|0|4,000
55,70397046|37,55048961|72,180000|2015-10-26 15:04:56|1445861096000|11|0|4,000
55,70384152|37,55032974|70,272003|2015-10-26 15:04:57|1445861097000|12|0|4,000
55,70370137|37,55013536|70,739998|2015-10-26 15:04:58|1445861098000|11|0|4,000
55,70355428|37,54993618|69,515999|2015-10-26 15:04:59|1445861099000|9|0|4,000
55,70343222|37,54975577|67,248001|2015-10-26 15:05:00|1445861100000|9|0|4,000
55,70330680|37,54956912|66,708000|2015-10-26 15:05:01|1445861101000|11|0|4,000
55,70317552|37,54939814|61,452000|2015-10-26 15:05:02|1445861102000|9|0|5,000
55,70305486|37,54923047|61,452000|2015-10-26 15:05:03|1445861103000|9|0|6,000
55,70294454|37,54908650|57,096001|2015-10-26 15:05:04|1445861104000|10|0|4,000
55,70283494|37,54895418|54,972000|2015-10-26 15:05:05|1445861105000|11|0|5,000
55,70273704|37,54882241|50,760002|2015-10-26 15:05:06|1445861106000|10|0|6,000
55,70265253|37,54867642|47,268002|2015-10-26 15:05:07|1445861107000|8|0|6,000
55,70256114|37,54852835|44,604000|2015-10-26 15:05:08|1445861108000|8|0|6,000
55,70247690|37,54839937|44,604000|2015-10-26 15:05:09|1445861109000|8|0|8,000
55,70237897|37,54819153|33,660000|2015-10-26 15:05:11|1445861111000|11|0|6,000
55,70232193|37,54801633|27,504000|2015-10-26 15:05:13|1445861113000|10|0|4,000
55,70226660|37,54779271|26,532000|2015-10-26 15:05:15|1445861115000|9|0|5,000
55,70216293|37,54762990|30,780001|2015-10-26 15:05:17|1445861117000|10|0|4,000
55,70202963|37,54747914|34,020000|2015-10-26 15:05:19|1445861119000|10|0|4,000
55,70189824|37,54728607|33,336002|2015-10-26 15:05:21|1445861121000|11|0|6,000
55,70183458|37,54713722|37,439999|2015-10-26 15:05:22|1445861122000|12|0|7,000
55,70174532|37,54702114|41,975998|2015-10-26 15:05:23|1445861123000|11|0|6,000
55,70164501|37,54689122|42,911999|2015-10-26 15:05:24|1445861124000|11|0|6,000
55,70155804|37,54676025|40,572002|2015-10-26 15:05:25|1445861125000|11|0|6,000
55,70144837|37,54657749|25,775999|2015-10-26 15:05:27|1445861127000|11|0|5,000
55,70136030|37,54649467|0,720000|2015-10-26 15:05:32|1445861132000|12|0|3,000
55,70127088|37,54634960|13,068001|2015-10-26 15:05:40|1445861140000|13|0|3,000
55,70121029|37,54617535|12,132000|2015-10-26 15:05:43|1445861143000|12|0|4,000
55,70126292|37,54602251|18,972000|2015-10-26 15:05:45|1445861145000|10|0|5,000
55,70137031|37,54581524|32,868000|2015-10-26 15:05:47|1445861147000|6|0|6,000
55,70149728|37,54560054|36,576000|2015-10-26 15:05:49|1445861149000|8|0|8,000
55,70160612|37,54542555|42,660000|2015-10-26 15:05:50|1445861150000|10|0|5,000
55,70169466|37,54529940|43,956001|2015-10-26 15:05:51|1445861151000|11|0|5,000
55,70177348|37,54514230|46,332001|2015-10-26 15:05:52|1445861152000|8|0|4,000
55,70185596|37,54497968|49,464001|2015-10-26 15:05:53|1445861153000|8|0|4,000
55,70194418|37,54482825|50,723999|2015-10-26 15:05:54|1445861154000|9|0|4,000
55,70203364|37,54464975|50,220001|2015-10-26 15:05:55|1445861155000|7|0|4,000
55,70212772|37,54448635|50,903999|2015-10-26 15:05:56|1445861156000|8|0|4,000
55,70221390|37,54432794|51,155998|2015-10-26 15:05:57|1445861157000|9|0|4,000
55,70230301|37,54416602|51,155998|2015-10-26 15:05:58|1445861158000|9|0|4,000
55,70240032|37,54400275|48,167999|2015-10-26 15:05:59|1445861159000|10|0|4,000
55,70248505|37,54384697|48,743999|2015-10-26 15:06:00|1445861160000|8|0|4,000
55,70257215|37,54370450|50,363998|2015-10-26 15:06:01|1445861161000|11|0|9,000
55,70266262|37,54353257|51,804001|2015-10-26 15:06:02|1445861162000|10|0|9,000
55,70275558|37,54337828|50,616001|2015-10-26 15:06:03|1445861163000|8|0|10,000
55,70284440|37,54321923|50,616001|2015-10-26 15:06:04|1445861164000|8|0|10,000
55,70293064|37,54307096|51,480000|2015-10-26 15:06:05|1445861165000|12|0|10,000
55,70302389|37,54289817|52,344002|2015-10-26 15:06:06|1445861166000|13|0|10,000
55,70311940|37,54275038|52,416000|2015-10-26 15:06:07|1445861167000|13|0|11,000
55,70322340|37,54259006|54,251999|2015-10-26 15:06:08|1445861168000|13|0|10,000
55,70332424|37,54243208|53,568001|2015-10-26 15:06:09|1445861169000|13|0|10,000
55,70342473|37,54225900|54,863998|2015-10-26 15:06:10|1445861170000|13|0|9,000
55,70352600|37,54212248|52,236000|2015-10-26 15:06:11|1445861171000|13|0|9,000
55,70362769|37,54196320|51,624001|2015-10-26 15:06:12|1445861172000|13|0|9,000
55,70372104|37,54180344|52,200001|2015-10-26 15:06:13|1445861173000|13|0|9,000
55,70380730|37,54164272|50,616001|2015-10-26 15:06:14|1445861174000|13|0|9,000
55,70388088|37,54150418|47,340000|2015-10-26 15:06:15|1445861175000|13|0|9,000
55,70395767|37,54137647|42,155998|2015-10-26 15:06:16|1445861176000|13|0|9,000
55,70406668|37,54118858|30,995998|2015-10-26 15:06:18|1445861178000|13|0|9,000
55,70415904|37,54102323|25,991999|2015-10-26 15:06:20|1445861180000|13|0|9,000
55,70423817|37,54087227|9,792000|2015-10-26 15:06:23|1445861183000|13|0|9,000
55,70425352|37,54071425|0,000000|2015-10-26 15:06:42|1445861202000|12|0|5,000
55,70434265|37,54060866|17,639999|2015-10-26 15:07:07|1445861227000|10|0|3,000
55,70444580|37,54042787|23,363998|2015-10-26 15:07:10|1445861230000|10|0|3,000
55,70451721|37,54029773|20,808001|2015-10-26 15:07:12|1445861232000|11|0|4,000
55,70460375|37,54022488|17,243999|2015-10-26 15:07:14|1445861234000|7|0|4,000
55,70460256|37,54005672|18,072001|2015-10-26 15:07:16|1445861236000|10|0|5,000
55,70454298|37,53991950|20,771999|2015-10-26 15:07:18|1445861238000|11|0|4,000
55,70447102|37,53980210|18,216000|2015-10-26 15:07:20|1445861240000|10|0|5,000
55,70437288|37,53965964|15,300000|2015-10-26 15:07:23|1445861243000|7|0|6,000
55,70429492|37,53957484|0,000000|2015-10-26 15:07:28|1445861248000|10|0|4,000
55,70422208|37,53944127|19,403999|2015-10-26 15:07:57|1445861277000|11|0|3,000
55,70413651|37,53929046|29,304001|2015-10-26 15:07:59|1445861279000|8|0|3,000
55,70401948|37,53908274|35,531998|2015-10-26 15:08:01|1445861281000|9|0|3,000
55,70395013|37,53895754|39,239998|2015-10-26 15:08:02|1445861282000|9|0|3,000
55,70387641|37,53883138|41,039997|2015-10-26 15:08:03|1445861283000|9|0|3,000
55,70379935|37,53869664|45,539997|2015-10-26 15:08:04|1445861284000|10|0|3,000
55,70371863|37,53855493|45,539997|2015-10-26 15:08:05|1445861285000|10|0|4,000
55,70362692|37,53838449|49,931999|2015-10-26 15:08:06|1445861286000|8|0|3,000
55,70353930|37,53821887|48,960003|2015-10-26 15:08:07|1445861287000|8|0|4,000
55,70345616|37,53807361|50,795998|2015-10-26 15:08:08|1445861288000|8|0|4,000
55,70337432|37,53790541|49,104000|2015-10-26 15:08:09|1445861289000|9|0|4,000
55,70328834|37,53775078|49,104000|2015-10-26 15:08:10|1445861290000|9|0|5,000
55,70320708|37,53759998|48,708000|2015-10-26 15:08:11|1445861291000|9|0|5,000
55,70312584|37,53744250|47,556000|2015-10-26 15:08:12|1445861292000|8|0|5,000
55,70304122|37,53729521|47,556000|2015-10-26 15:08:13|1445861293000|8|0|6,000
55,70295654|37,53713496|46,475998|2015-10-26 15:08:14|1445861294000|7|0|6,000
55,70288221|37,53698069|44,172001|2015-10-26 15:08:15|1445861295000|10|0|6,000
55,70281283|37,53683165|41,148003|2015-10-26 15:08:16|1445861296000|7|0|7,000
55,70274368|37,53669726|41,148003|2015-10-26 15:08:17|1445861297000|7|0|8,000
55,70269404|37,53651297|17,532000|2015-10-26 15:08:20|1445861300000|10|0|5,000
55,70262172|37,53636253|17,639999|2015-10-26 15:08:23|1445861303000|11|0|4,000
55,70253080|37,53624821|22,608002|2015-10-26 15:08:25|1445861305000|11|0|5,000
55,70244134|37,53606947|25,991999|2015-10-26 15:08:27|1445861307000|11|0|4,000
55,70234110|37,53590338|28,080000|2015-10-26 15:08:29|1445861309000|12|0|3,000
55,70222969|37,53572362|30,780001|2015-10-26 15:08:31|1445861311000|12|0|3,000
55,70216509|37,53561112|33,516003|2015-10-26 15:08:32|1445861312000|12|0|4,000
55,70203897|37,53538452|36,216003|2015-10-26 15:08:34|1445861314000|12|0|3,000
55,70197456|37,53526579|36,612000|2015-10-26 15:08:35|1445861315000|12|0|3,000
55,70191071|37,53514889|34,883999|2015-10-26 15:08:36|1445861316000|12|0|3,000
55,70181631|37,53497679|23,256001|2015-10-26 15:08:38|1445861318000|12|0|3,000
55,70173755|37,53481030|16,848000|2015-10-26 15:08:41|1445861321000|12|0|3,000
55,70166493|37,53468889|22,968000|2015-10-26 15:08:43|1445861323000|12|0|4,000
55,70157333|37,53453497|28,188000|2015-10-26 15:08:45|1445861325000|12|0|4,000
55,70147670|37,53437131|26,028000|2015-10-26 15:08:47|1445861327000|12|0|3,000
55,70138801|37,53424571|24,624001|2015-10-26 15:08:49|1445861329000|12|0|3,000
55,70129656|37,53408759|24,480001|2015-10-26 15:08:51|1445861331000|12|0|3,000
55,70121871|37,53393059|23,472000|2015-10-26 15:08:53|1445861333000|12|0|3,000
55,70114387|37,53378733|22,500000|2015-10-26 15:08:55|1445861335000|12|0|3,000
55,70105492|37,53361361|25,416000|2015-10-26 15:08:57|1445861337000|12|0|3,000
55,70097106|37,53344734|29,124001|2015-10-26 15:08:59|1445861339000|9|0|4,000
55,70084799|37,53323033|33,299999|2015-10-26 15:09:01|1445861341000|8|0|10,000
55,70079079|37,53310591|32,939999|2015-10-26 15:09:02|1445861342000|8|0|10,000
55,70068989|37,53287191|30,239998|2015-10-26 15:09:04|1445861344000|8|0|10,000
55,70059662|37,53269401|26,639999|2015-10-26 15:09:06|1445861346000|10|0|10,000
55,70052370|37,53258731|15,084001|2015-10-26 15:09:08|1445861348000|9|0|10,000
55,70045322|37,53246007|12,312000|2015-10-26 15:09:11|1445861351000|11|0|10,000
55,70041028|37,53230139|13,248000|2015-10-26 15:09:15|1445861355000|11|0|9,000
55,70050662|37,53208295|23,940001|2015-10-26 15:09:18|1445861358000|12|0|9,000
55,70059018|37,53193667|21,996000|2015-10-26 15:09:20|1445861360000|12|0|9,000
55,70067039|37,53183169|20,591999|2015-10-26 15:09:22|1445861362000|12|0|9,000
55,70076465|37,53168375|25,920000|2015-10-26 15:09:24|1445861364000|12|0|10,000
55,70086555|37,53150958|27,719999|2015-10-26 15:09:26|1445861366000|12|0|10,000
55,70097344|37,53137134|27,863998|2015-10-26 15:09:28|1445861368000|12|0|10,000
55,70108287|37,53121834|27,827999|2015-10-26 15:09:30|1445861370000|12|0|10,000
55,70117162|37,53104509|26,388000|2015-10-26 15:09:32|1445861372000|11|0|11,000
55,70124373|37,53092589|18,719999|2015-10-26 15:09:34|1445861374000|11|0|10,000
55,70127677|37,53077060|7,524000|2015-10-26 15:09:38|1445861378000|10|0|10,000
55,70137281|37,53076401|7,524000|2015-10-26 15:09:42|1445861382000|10|0|10,000
55,70146879|37,53083061|4,284000|2015-10-26 15:09:53|1445861393000|10|0|10,000
