55,76689735|37,53781253|66,996002|2017-11-04 08:55:49|1509774949000|11|0|14,000
55,76672218|37,53769069|65,087997|2017-11-04 08:55:50|1509774950000|12|0|9,000
55,76656894|37,53758470|66,815994|2017-11-04 08:55:51|1509774951000|12|0|5,000
55,76644391|37,53753416|60,479996|2017-11-04 08:55:52|1509774952000|12|0|4,000
55,76627422|37,53746996|64,332001|2017-11-04 08:55:53|1509774953000|12|0|4,000
55,76610154|37,53741116|68,220001|2017-11-04 08:55:54|1509774954000|12|0|4,000
55,76593939|37,53733297|68,652000|2017-11-04 08:55:55|1509774955000|12|0|4,000
55,76575397|37,53725451|71,567993|2017-11-04 08:55:56|1509774956000|11|0|3,000
55,76558859|37,53717496|73,403999|2017-11-04 08:55:57|1509774957000|12|0|3,000
55,76539666|37,53709334|72,827995|2017-11-04 08:55:58|1509774958000|12|0|3,000
55,76521593|37,53700266|72,575996|2017-11-04 08:55:59|1509774959000|12|0|3,000
55,76505216|37,53691325|71,603996|2017-11-04 08:56:00|1509774960000|13|0|3,000
55,76486443|37,53681623|73,440002|2017-11-04 08:56:01|1509774961000|12|0|3,000
55,76470033|37,53672410|73,512001|2017-11-04 08:56:02|1509774962000|13|0|3,000
55,76452977|37,53662862|72,684006|2017-11-04 08:56:03|1509774963000|14|0|3,000
55,76434812|37,53652922|71,963997|2017-11-04 08:56:04|1509774964000|14|0|3,000
55,76419154|37,53643826|72,251999|2017-11-04 08:56:05|1509774965000|14|0|3,000
55,76400510|37,53634045|71,424004|2017-11-04 08:56:06|1509774966000|13|0|3,000
55,76383866|37,53625667|70,487999|2017-11-04 08:56:07|1509774967000|13|0|3,000
55,76367679|37,53617820|69,767998|2017-11-04 08:56:08|1509774968000|13|0|3,000
55,76349612|37,53609313|68,796005|2017-11-04 08:56:09|1509774969000|13|0|3,000
55,76333855|37,53602359|66,348000|2017-11-04 08:56:10|1509774970000|13|0|3,000
55,76318700|37,53596091|64,872002|2017-11-04 08:56:11|1509774971000|11|0|3,000
55,76302875|37,53589656|61,667995|2017-11-04 08:56:12|1509774972000|15|0|3,000
55,76289181|37,53584281|60,372002|2017-11-04 08:56:13|1509774973000|14|0|3,000
55,76273978|37,53577631|59,652000|2017-11-04 08:56:14|1509774974000|14|0|3,000
55,76259611|37,53571848|59,003998|2017-11-04 08:56:15|1509774975000|14|0|3,000
55,76246566|37,53567091|56,880001|2017-11-04 08:56:16|1509774976000|14|0|3,000
55,76232393|37,53561312|55,403999|2017-11-04 08:56:17|1509774977000|13|0|3,000
55,76220027|37,53556500|55,655998|2017-11-04 08:56:18|1509774978000|12|0|3,000
55,76206617|37,53551526|55,944000|2017-11-04 08:56:19|1509774979000|13|0|3,000
55,76192076|37,53546862|55,475998|2017-11-04 08:56:20|1509774980000|12|0|3,000
55,76178167|37,53540811|57,996002|2017-11-04 08:56:21|1509774981000|13|0|3,000
55,76163407|37,53532531|61,379997|2017-11-04 08:56:22|1509774982000|11|0|4,000
55,76148033|37,53526142|62,891998|2017-11-04 08:56:23|1509774983000|10|0|4,000
55,76131614|37,53520036|66,996002|2017-11-04 08:56:24|1509774984000|11|0|4,000
55,76114904|37,53513402|69,732002|2017-11-04 08:56:25|1509774985000|11|0|4,000
55,76096035|37,53505927|72,648003|2017-11-04 08:56:26|1509774986000|10|0|4,000
55,76078521|37,53498631|76,176003|2017-11-04 08:56:27|1509774987000|12|0|4,000
55,76059278|37,53489249|78,444000|2017-11-04 08:56:28|1509774988000|11|0|4,000
55,76039311|37,53480931|81,936005|2017-11-04 08:56:29|1509774989000|11|0|4,000
55,76019428|37,53472958|83,232002|2017-11-04 08:56:30|1509774990000|12|0|4,000
55,75999787|37,53465010|81,323997|2017-11-04 08:56:31|1509774991000|10|0|4,000
55,75979610|37,53456981|79,955994|2017-11-04 08:56:32|1509774992000|12|0|4,000
55,75960261|37,53449350|78,408005|2017-11-04 08:56:33|1509774993000|11|0|4,000
55,75941749|37,53440998|76,644005|2017-11-04 08:56:34|1509774994000|13|0|4,000
55,75921478|37,53433820|75,851997|2017-11-04 08:56:35|1509774995000|12|0|4,000
55,75903147|37,53426194|75,636002|2017-11-04 08:56:36|1509774996000|12|0|4,000
55,75884507|37,53418909|75,599998|2017-11-04 08:56:37|1509774997000|13|0|3,000
55,75865005|37,53415338|75,024002|2017-11-04 08:56:38|1509774998000|13|0|3,000
55,75846576|37,53407979|77,040001|2017-11-04 08:56:39|1509774999000|11|0|3,000
55,75827476|37,53400526|79,559998|2017-11-04 08:56:40|1509775000000|9|0|3,000
55,75808141|37,53392606|81,000000|2017-11-04 08:56:41|1509775001000|9|0|3,000
55,75788841|37,53385656|78,839996|2017-11-04 08:56:42|1509775002000|9|0|3,000
55,75770549|37,53378378|75,311996|2017-11-04 08:56:43|1509775003000|8|0|3,000
55,75752981|37,53371717|73,115997|2017-11-04 08:56:44|1509775004000|8|0|3,000
55,75735042|37,53366782|72,540001|2017-11-04 08:56:45|1509775005000|7|0|4,000
55,75717605|37,53359301|70,955994|2017-11-04 08:56:46|1509775006000|11|0|3,000
55,75701175|37,53351811|69,012001|2017-11-04 08:56:47|1509775007000|9|0|3,000
55,75685138|37,53343939|68,760002|2017-11-04 08:56:48|1509775008000|9|0|3,000
55,75668084|37,53336439|68,760002|2017-11-04 08:56:49|1509775009000|9|0|4,000
55,75654654|37,53326386|70,020004|2017-11-04 08:56:50|1509775010000|11|0|4,000
55,75637937|37,53318323|69,660004|2017-11-04 08:56:51|1509775011000|11|0|3,000
55,75620633|37,53310985|68,436005|2017-11-04 08:56:52|1509775012000|11|0|3,000
55,75605326|37,53302733|69,804001|2017-11-04 08:56:53|1509775013000|9|0|3,000
55,75586959|37,53298376|68,579994|2017-11-04 08:56:54|1509775014000|9|0|3,000
55,75569875|37,53291536|65,052002|2017-11-04 08:56:55|1509775015000|9|0|4,000
55,75554914|37,53284257|66,276001|2017-11-04 08:56:56|1509775016000|11|0|3,000
55,75538262|37,53274602|68,220001|2017-11-04 08:56:57|1509775017000|11|0|3,000
55,75521268|37,53265055|68,940002|2017-11-04 08:56:58|1509775018000|11|0|3,000
55,75505933|37,53258053|67,751999|2017-11-04 08:56:59|1509775019000|10|0|3,000
55,75488918|37,53250321|66,528000|2017-11-04 08:57:00|1509775020000|10|0|3,000
55,75474263|37,53244469|65,339996|2017-11-04 08:57:01|1509775021000|11|0|3,000
55,75458886|37,53236625|64,008003|2017-11-04 08:57:02|1509775022000|11|0|3,000
55,75442692|37,53228729|62,820004|2017-11-04 08:57:03|1509775023000|12|0|3,000
55,75428699|37,53221961|61,884003|2017-11-04 08:57:04|1509775024000|13|0|3,000
55,75414107|37,53214452|60,624001|2017-11-04 08:57:05|1509775025000|13|0|3,000
55,75399866|37,53206371|59,832005|2017-11-04 08:57:06|1509775026000|13|0|3,000
55,75386156|37,53199096|57,276001|2017-11-04 08:57:07|1509775027000|13|0|3,000
55,75372897|37,53191313|53,028000|2017-11-04 08:57:08|1509775028000|13|0|3,000
55,75361958|37,53184820|50,004002|2017-11-04 08:57:09|1509775029000|13|0|3,000
55,75350010|37,53177297|49,751999|2017-11-04 08:57:10|1509775030000|13|0|3,000
55,75337572|37,53169929|49,175999|2017-11-04 08:57:11|1509775031000|13|0|4,000
55,75326327|37,53161278|50,580002|2017-11-04 08:57:12|1509775032000|11|0|4,000
55,75313234|37,53152161|50,832001|2017-11-04 08:57:13|1509775033000|10|0|3,000
55,75300991|37,53145640|50,543999|2017-11-04 08:57:14|1509775034000|11|0|3,000
55,75289285|37,53140198|52,596001|2017-11-04 08:57:15|1509775035000|13|0|3,000
55,75276788|37,53133819|55,980000|2017-11-04 08:57:16|1509775036000|12|0|4,000
55,75263170|37,53127354|59,508003|2017-11-04 08:57:17|1509775037000|13|0|4,000
55,75247964|37,53121995|61,739998|2017-11-04 08:57:18|1509775038000|13|0|5,000
55,75232322|37,53113659|63,827999|2017-11-04 08:57:19|1509775039000|13|0|5,000
55,75218252|37,53109490|61,632004|2017-11-04 08:57:20|1509775040000|12|0|5,000
55,75204670|37,53102655|58,500000|2017-11-04 08:57:21|1509775041000|12|0|4,000
55,75188424|37,53095822|61,020004|2017-11-04 08:57:22|1509775042000|10|0|3,000
55,75172009|37,53089300|62,351997|2017-11-04 08:57:23|1509775043000|9|0|4,000
55,75156642|37,53085950|59,039997|2017-11-04 08:57:24|1509775044000|10|0|3,000
55,75141865|37,53084413|60,624001|2017-11-04 08:57:25|1509775045000|10|0|3,000
55,75126224|37,53081956|61,739998|2017-11-04 08:57:26|1509775046000|10|0|4,000
55,75110694|37,53085191|60,227997|2017-11-04 08:57:27|1509775047000|11|0|4,000
55,75096193|37,53087106|58,175999|2017-11-04 08:57:28|1509775048000|10|0|3,000
55,75082945|37,53092205|57,815998|2017-11-04 08:57:29|1509775049000|10|0|4,000
55,75068739|37,53098896|57,851997|2017-11-04 08:57:30|1509775050000|12|0|3,000
55,75056673|37,53107124|56,700001|2017-11-04 08:57:31|1509775051000|14|0|3,000
55,75043321|37,53115976|57,599998|2017-11-04 08:57:32|1509775052000|14|0|3,000
55,75031303|37,53124328|57,924000|2017-11-04 08:57:33|1509775053000|10|0|3,000
55,75017969|37,53133740|58,535999|2017-11-04 08:57:34|1509775054000|9|0|3,000
55,75003298|37,53143474|61,020004|2017-11-04 08:57:35|1509775055000|10|0|3,000
55,74989826|37,53152730|62,388000|2017-11-04 08:57:36|1509775056000|10|0|3,000
55,74975407|37,53161838|62,855995|2017-11-04 08:57:37|1509775057000|11|0|3,000
55,74960774|37,53169901|61,667995|2017-11-04 08:57:38|1509775058000|12|0|3,000
55,74946113|37,53177338|61,055996|2017-11-04 08:57:39|1509775059000|12|0|3,000
55,74930603|37,53184528|60,012001|2017-11-04 08:57:40|1509775060000|12|0|3,000
55,74916243|37,53189591|61,236000|2017-11-04 08:57:41|1509775061000|13|0|3,000
55,74900175|37,53194806|63,287998|2017-11-04 08:57:42|1509775062000|12|0|3,000
55,74883054|37,53198762|64,332001|2017-11-04 08:57:43|1509775063000|12|0|3,000
55,74866878|37,53204399|70,164001|2017-11-04 08:57:44|1509775064000|11|0|4,000
55,74849725|37,53210287|71,351997|2017-11-04 08:57:45|1509775065000|12|0|5,000
55,74829796|37,53218232|74,339996|2017-11-04 08:57:46|1509775066000|12|0|7,000
55,74810628|37,53226278|78,695999|2017-11-04 08:57:47|1509775067000|13|0|8,000
55,74789047|37,53228416|79,559998|2017-11-04 08:57:48|1509775068000|12|0|10,000
55,74769906|37,53227493|79,236000|2017-11-04 08:57:49|1509775069000|13|0|9,000
55,74755641|37,53234034|66,851997|2017-11-04 08:57:50|1509775070000|13|0|5,000
55,74740083|37,53238043|64,079994|2017-11-04 08:57:51|1509775071000|12|0|4,000
55,74727301|37,53241169|59,903999|2017-11-04 08:57:52|1509775072000|12|0|4,000
55,74714222|37,53245674|56,807999|2017-11-04 08:57:53|1509775073000|12|0|4,000
55,74700999|37,53250425|54,612000|2017-11-04 08:57:54|1509775074000|11|0|3,000
55,74687012|37,53254490|53,892002|2017-11-04 08:57:55|1509775075000|11|0|3,000
55,74672662|37,53257715|54,287998|2017-11-04 08:57:56|1509775076000|13|0|3,000
55,74660099|37,53262482|53,063999|2017-11-04 08:57:57|1509775077000|14|0|3,000
55,74647763|37,53267580|51,840000|2017-11-04 08:57:58|1509775078000|14|0|3,000
55,74634686|37,53272902|50,868000|2017-11-04 08:57:59|1509775079000|13|0|3,000
